			
3904	17568	240	32
3872	17592	648	43
4080	17768	592	59
4136	17880	400	42
4168	17744	344	35
4392	17560	296	35
4432	17856	88	32
4360	17736	216	18
4392	17824	496	11
4440	17712	112	9
4360	17624	344	5
4440	17680	232	6
4224	17472	32	4
4160	17296	248	13
4304	17208	240	8
4528	17632	536	40
4640	17832	256	52
4648	17696	240	53
4208	17920	352	54
4008	17960	584	54
4256	17856	424	36
4000	17832	440	5
3984	17656	600	8
4104	17872	584	5
4104	17832	368	10
4232	17680	488	38
4144	17584	136	28
4304	17536	152	34
4288	17576	112	23
4424	17880	160	27
4328	17816	176	23
4320	17696	8	20
4304	17832	208	23
4280	17736	8	30
4280	17816	376	36
4504	17720	192	32
4400	17784	-184	38
4144	17784	248	50
4064	17744	360	51
4184	17848	728	28
4168	17616	552	-6
4392	17608	248	6
4376	17512	224	16
4336	17560	96	30
4328	17680	72	58
4440	17552	184	44
4240	17752	56	34
4256	17792	-24	40
4200	17888	152	13
4240	18008	680	0
4376	17768	400	-9
4336	17752	832	9
4456	17688	328	1
4416	17528	224	3
4296	17656	328	11
4400	17688	48	20
4272	17624	96	54
4376	17584	328	51
4344	17552	368	23
4224	17832	512	23
4248	17696	400	8
4296	17352	208	2
4416	17720	208	25
4344	17664	232	25
4456	17720	248	37
4592	18008	320	20
4544	18072	16	11
4280	17712	120	22
4096	17712	440	14
3992	17464	360	12
3984	17536	416	28
4240	17792	288	24
4368	17968	312	19
4312	17856	48	9
4536	17896	24	4
4200	17808	80	9
4136	17656	128	4
4400	17608	8	25
4592	17688	-56	38
4568	17856	320	35
4744	17776	-96	23
4352	17712	-208	23
4200	17816	128	25
4120	17784	280	25
4192	17792	176	31
4160	17840	280	26
3968	17536	288	15
4120	17792	432	23
4072	17856	96	16
4160	17880	248	17
4256	17768	216	5
4336	17728	216	19
4464	17608	72	5
4776	17768	-24	10
4440	17640	160	13
4480	17704	-160	8
4136	17680	352	33
4304	17600	160	14
4344	17584	192	9
4184	17616	80	-6
4136	17808	64	2
4112	17760	272	-2
4432	17920	-104	5
4240	17872	256	16
4392	17792	-24	10
4368	17568	-24	15
4472	17504	112	26
4464	17496	240	22
4488	17496	64	27
4256	17776	288	35
4176	17872	112	13
4176	17848	296	4
4288	17576	488	-6
4128	17560	272	6
4240	17560	272	0
4424	17784	432	9
4272	17808	456	46
4416	17888	296	35
4464	17760	-32	9
4136	17560	136	1
4376	17632	72	-12
4392	17752	-136	0
4336	17584	56	11
4392	17680	32	25
4288	17824	440	23
4408	18000	680	24
4296	17856	200	32
4312	17792	88	25
4352	17576	32	12
4472	17688	224	8
4520	17584	-88	0
4568	17616	-40	7
4392	17768	88	1
4712	17656	480	2
4656	17576	560	1
4488	17752	536	11
4256	17720	336	35
4288	17352	32	23
4472	17488	104	30
4584	17728	-56	26
4624	18024	184	27
4672	18240	232	-4
4432	17880	320	-3
4248	17576	248	-19
4064	17296	248	-3
4040	17584	472	2
4088	17720	400	3
4456	17856	96	-4
4512	17720	136	24
4392	17688	368	31
4328	17624	112	22
4464	17648	408	11
4872	17704	432	1
4976	17584	56	-7
4592	17664	704	10
4272	17592	632	15
4208	17768	584	20
4200	18048	752	17
4488	17872	496	-5
4352	17768	200	-18
4552	17552	336	-18
4752	17608	40	-33
4784	17624	32	-24
4888	17688	-104	-28
4704	17592	80	-21
4232	17760	368	-2
4160	17768	248	-5
3976	17840	216	17
4224	17624	480	-15
4280	17424	200	-16
4360	17384	400	-12
4608	17496	296	-19
4800	17864	224	-10
4600	17664	720	-25
4568	17592	648	-40
4352	17528	800	-30
4640	17944	992	-40
4432	18104	872	-35
4488	18136	776	-45
4624	17984	560	-56
4672	17832	504	-26
4968	17360	416	-32
4832	17744	224	-41
4808	17600	-96	-49
4904	17360	40	-39
4864	17504	440	-25
5184	17760	528	-51
4880	17912	336	-64
4400	17816	448	-70
4024	17648	760	-91
4160	17808	896	-102
3992	18024	568	-174
4192	17848	408	-190
4128	17752	352	-197
4312	17392	200	-231
4392	17312	352	-215
4696	17248	352	-215
5152	17344	208	-212
5024	17608	264	-206
4656	18160	200	-211
4584	17888	120	-232
4296	17880	-112	-225
4352	17768	216	-162
4320	17488	312	-138
4248	17392	800	-53
4296	17584	584	-82
4208	17568	696	-81
4232	17584	1120	-52
3912	17920	1320	-66
4056	17896	1120	-92
3328	17528	568	-52
3416	17224	1016	-29
3240	17616	1448	37
2952	17840	1504	-1
3288	17912	1712	-46
3536	18072	1776	-17
3064	18024	1872	-38
3008	17768	2152	-75
2656	17840	2520	-33
2848	17616	3072	-17
3120	17296	2432	-147
3136	16608	1736	-152
3376	16632	1648	-43
3888	17248	2312	18
3696	17752	1984	1
3624	18096	1752	16
3464	17784	2392	142
3576	17752	2680	119
3192	17584	1800	58
2376	16784	-576	29
1456	15912	-976	247
2616	16960	1664	485
3960	17200	1584	452
4096	17560	1832	432
3904	17736	1800	409
3824	18368	1800	369
3424	18816	1352	350
2664	18336	1424	302
3056	17688	1776	232
2536	17808	1224	212
1800	17360	1136	287
2128	17480	912	329
2208	16944	88	265
1560	16832	-512	389
1744	17480	-344	485
1968	16920	544	384
1768	16272	904	276
656	16424	392	250
-1040	16368	1312	256
0	16384	872	-6
936	17664	400	105
1016	19160	456	108
2152	21536	-232	92
3928	21552	-752	127
3816	18200	-1352	112
2264	16808	-64	102
1936	16680	968	92
1624	17704	680	116
1312	17976	-32	51
1264	18144	-624	1
1128	18096	-1216	20
1128	18008	-1064	25
760	18160	-632	46
1120	17600	-808	72
872	17448	-1064	77
496	17864	-1176	128
856	17848	-1296	70
936	18072	-1592	90
616	17944	-1584	113
0	17048	-1024	100
0	17696	-680	78
256	18272	-728	35
936	18192	-2288	-43
496	18256	-2648	43
168	18280	-2128	3
280	17896	-1872	-36
296	17952	-1120	0
160	18016	-1688	-32
104	18216	-2240	-20
0	18104	-1776	-43
576	17968	-2040	-31
856	17992	-2384	30
856	18424	-2208	56
464	18104	-1872	74
608	18800	-1976	75
832	17960	-2408	55
-584	18000	-1016	54
-112	18072	32	61
264	17840	-928	-68
272	17776	-1592	-55
-112	17936	-1128	-16
-392	17600	-584	5
-488	17888	-520	-12
72	17600	-920	-20
592	17312	-1184	5
88	17808	-840	11
480	17840	-352	-19
752	17888	-336	-35
192	17704	-904	-32
-152	17784	-832	-42
232	17760	-424	-61
528	17616	-736	-34
456	17504	-888	-23
624	17752	-1424	-34
392	17752	-1400	-43
224	17952	-1216	-37
48	17392	-1104	-29
424	17632	-608	12
24	18096	-552	-37
456	17760	-184	-36
848	17408	-432	-62
80	17568	-664	-29
-408	17752	-1024	-35
-344	17688	-568	0
232	18192	-480	16
720	17776	192	68
632	17504	-488	28
232	17808	-744	30
312	17872	-1096	12
440	17840	-736	39
656	17496	-736	18
440	17368	-752	15
56	17832	-248	33
1056	18016	-328	5
1040	17856	-672	-16
656	17728	-680	-14
696	17888	-712	0
1016	17848	-888	-8
768	17696	-560	17
768	17880	-272	17
632	17592	-392	-2
456	17768	-688	22
672	17864	-616	32
656	17776	-568	40
576	17816	-848	10
384	17696	-992	51
984	17840	-880	41
1000	18016	-768	52
1072	18096	-592	17
1328	17600	-856	-9
1160	17776	-992	24
1560	17744	-920	38
1440	18008	-1176	28
1392	18048	-1232	32
1296	17896	-880	36
1232	17904	-664	31
1176	17848	-952	13
1184	18088	-760	24
1032	18016	-1048	13
848	17736	-544	37
1040	17784	-832	21
888	17864	-1168	23
1008	17784	-528	58
1088	17864	-928	43
1472	17944	-936	-1
1608	18120	-1080	-14
1344	17872	-648	7
1464	18160	-800	-26
1552	18000	-944	-82
1592	18160	-1336	-66
1048	17744	-648	-42
1328	18008	-984	-55
1616	18128	-1032	-55
1264	17984	-936	-86
800	18128	-776	-81
1240	17912	-752	-108
1576	17848	-968	-124
1880	18224	-696	-128
1824	18016	-632	-136
1944	17872	-704	-164
1864	17848	-304	-89
2168	17960	-432	-89
2280	17896	-448	-108
2912	18368	-432	-156
3600	18360	-672	-213
4112	18112	-608	-290
4416	17536	-512	-311
4592	17448	-40	-269
4456	17664	456	-197
3296	19544	0	6
3912	18952	88	20
4552	19632	-240	197
5120	19424	-656	198
4304	18648	352	166
3856	18672	896	202
3232	18216	888	38
3440	17896	1176	32
1848	17472	1656	73
-32	17376	1728	18
-40	16872	504	-21
536	16896	104	-60
2408	17248	-16	-30
2848	17528	192	41
2952	17456	328	27
3136	17248	456	57
3656	17264	-136	47
3968	16848	360	71
4208	16440	192	2
4824	16576	296	-27
4744	16656	168	58
4992	16736	856	-73
4944	16608	1592	-11
4768	16600	824	-100
5136	16720	584	-164
4952	16368	-248	-189
5376	16848	-128	-84
5720	17008	984	-38
6024	17488	976	-87
6344	17472	1240	-233
6224	16920	1504	-91
6104	16600	616	20
6592	16960	104	74
7480	17520	-272	198
7472	17592	344	257
6848	17208	968	177
6320	16296	824	148
6288	16344	432	256
4864	16792	400	369
6712	23000	4304	528
11040	26040	3944	377
8136	22304	-2144	227
-72	14432	2040	376
-1664	13320	992	157
104	17400	-2800	535
2048	19296	-4208	607
6336	20432	-3504	765
6104	19864	-1088	550
3376	17456	-288	168
-3088	15624	896	158
-3336	16352	-2144	147
-1336	18112	-2976	303
1136	19384	-3400	273
3064	19160	-3040	179
1800	17912	-3192	-47
976	17176	-2456	-87
1224	17352	-2088	-40
3032	17704	-2616	-51
-88	17000	-2944	-101
72	16984	-2240	28
104	17200	-1464	113
-376	17952	-1056	146
-104	18168	-1960	79
-432	18120	-2560	76
-792	17680	-2224	80
-616	17968	-2320	48
-1208	17960	-2400	56
-608	18176	-1208	126
264	18656	-1248	66
376	18688	-1504	38
304	18328	-1872	-1
592	18200	-1800	-32
360	18352	-1752	-32
408	18336	-2064	-86
480	18688	-1808	-78
224	18496	-1872	-106
1304	18080	-1512	-128
1672	17864	-2088	-174
2336	17848	-2888	-228
2096	17112	-2248	-149
2920	17712	-640	36
4160	17696	-848	73
6848	15976	952	77
6760	16688	960	-184
7344	17296	-608	-657
5736	19240	2072	-631
1800	20288	1008	-1010
176	22760	-848	-869
-1720	24896	-152	-361
-1920	24872	-536	-301
-88	21768	1136	34
248	21712	3168	390
-688	20424	3032	384
-1264	20048	2784	445
-144	20000	2800	420
1040	18536	-256	209
1840	17600	-416	155
1384	17144	312	58
512	16592	160	-170
-512	16368	904	-259
-648	16096	168	-477
-936	15632	-200	-476
-1768	15064	-624	-499
-680	13960	-448	-219
712	13968	-1160	-8
1912	13768	-96	255
2800	14040	496	340
3616	14424	-88	350
4360	15344	-832	295
4816	15768	88	447
6032	16320	1176	381
7728	16944	2000	255
10720	17320	1008	265
15240	18256	3456	416
17088	20560	5416	215
17168	23672	400	-399
14160	20976	-3168	-227
6424	13312	-2896	772
528	9016	-4784	737
-6408	11672	1520	959
-928	27880	11288	1073
19840	32767	9560	877
-12448	7768	5016	342
-9184	6800	-1632	-259
-4136	18040	-7648	619
2360	23368	-5032	915
6616	24128	-1688	380
-680	16752	-2944	-172
-2200	15200	-1464	-34
-1824	16176	-2712	-33
-2168	18888	-1744	126
664	19384	-1896	-4
1360	18048	-1184	-80
640	16568	-1936	-224
496	16632	-2312	-197
1624	17760	-2280	-72
1136	17816	-2432	-26
184	17552	-2184	82
-336	16848	-1448	86
568	17368	-1240	41
176	17624	-2480	17
336	17832	-1752	62
184	17640	-1784	-8
32	17512	-2344	-55
16	17304	-2008	-27
528	17440	-1592	25
648	17240	-640	46
816	17208	-104	77
2288	17728	-1064	16
3944	18448	-3232	-134
4512	18304	-4368	-217
5336	17888	-1944	64
4392	18544	-664	89
4888	19144	-200	77
7296	19488	-1248	-161
9928	19936	-688	-415
8328	21232	2392	-426
5952	20400	4744	-669
2800	19400	1408	-1284
-3160	26176	520	-222
-1528	24464	2616	-252
-1160	23016	1728	-157
-1376	22144	2824	259
-4248	20976	3096	248
-3552	19992	3824	385
-2184	19232	2640	308
-672	17568	-992	177
952	17152	224	216
2048	16840	-560	-79
1464	16960	-880	-232
144	17040	-360	-384
-616	15776	-384	-525
-1704	14952	-856	-632
-2664	14192	-952	-634
-2488	13072	8	-612
-1656	12320	576	-483
-640	12736	32	-206
1448	13496	1224	280
2056	13968	824	261
3168	14632	856	332
5168	15896	2752	468
11896	18968	8288	390
18192	18568	6936	-280
21032	21952	-1592	-294
19792	23976	840	447
15840	23976	56	-31
5680	15040	-2136	547
16	11104	-1160	761
-7832	15480	3912	1137
3440	26176	12952	888
18152	28648	1776	513
10144	25280	-5312	1250
-5224	13584	-840	468
-6912	10768	576	100
-6592	12560	-3360	226
-392	18488	-7704	663
3784	20176	-4024	237
-1024	17488	-2800	92
-1664	16680	-728	223
-1568	17696	-544	116
-1968	18968	-400	35
-240	19392	-1000	-169
1456	18256	-1728	-285
584	16080	-3400	-295
-968	16680	-2208	-28
-416	17584	-1424	-4
-424	17912	-1664	-9
-232	17856	-1184	80
-200	18232	-816	74
288	18464	-1208	80
416	17696	-1488	37
624	17120	-1808	-27
864	17888	-1992	2
824	18656	-1776	44
1872	18040	-992	12
2240	17976	-888	32
2232	18024	-728	41
2944	18064	-784	4
3816	17920	-3264	-181
4224	18304	-5240	-347
4824	18520	-2256	42
3968	18944	-528	138
3240	18488	1704	226
6024	17736	1136	-130
8624	16832	2048	-282
9064	17240	1408	-728
8112	18424	-192	-1092
6016	19248	984	-1088
3720	21592	1800	-1089
-376	24144	-1408	-1407
-3192	26112	632	-541
-3096	24032	2024	-87
-2376	21440	2440	-105
-1216	21336	4456	427
-2672	19816	3040	165
-2816	19544	2664	296
-1240	18976	632	319
2456	17080	-8	293
1760	16960	256	136
2160	17240	-304	-33
1040	17424	112	-130
-264	17000	328	-271
-8	16632	-88	-404
-168	15816	-536	-473
-432	14304	-432	-477
-160	13480	240	-298
-216	12648	584	-191
808	12848	-152	35
1064	13368	1480	397
1632	13784	1976	332
3056	13920	24	238
6944	17360	3768	346
10280	16848	2144	248
13168	16712	360	354
14320	17048	-2496	524
14128	19720	3248	521
16584	21000	848	-109
14304	18240	-624	275
6296	14272	-1168	763
568	13280	-264	843
-4656	15800	2488	788
944	25264	10040	770
18384	32440	9200	485
17704	31824	-1160	506
-6744	18544	48	814
-5872	11960	-3056	-129
-8832	11752	-3008	517
-4496	18032	-7600	612
1416	21328	-2328	933
5168	21592	-2320	357
592	19032	-2016	34
-1728	17088	-2208	-50
-1560	17120	-2168	32
128	18192	-1368	-64
408	17392	-1784	-175
1168	16704	-2584	-192
1248	17256	-1800	-85
1592	17616	-1344	-4
1808	18408	-1760	-8
1400	17040	-2632	-48
1464	17224	-1536	122
1056	17864	-1312	126
736	17560	-1480	23
632	18048	-2968	42
496	18008	-2616	50
232	18024	-2144	88
-344	18200	-1744	82
-624	18304	-1024	70
-432	17984	-1512	31
-232	17216	-1024	23
136	17280	-1288	37
1640	18088	-1616	-90
1728	18168	-2728	-123
1376	17816	-3008	-135
1160	18152	-1992	12
784	18352	-2384	-92
1496	18456	-1704	-9
2824	18712	480	203
5816	17664	2088	152
6416	16424	504	-120
7320	16600	-496	-271
8736	17448	296	-616
7880	20000	760	-672
6824	21640	1520	-536
1312	20000	2024	-1069
-1728	20912	-432	-1410
-264	22704	-1424	-1182
-816	22896	440	-509
848	21040	840	-383
-760	19920	3120	-72
-2496	19560	2312	-136
-2952	18344	1336	-200
-1584	18032	432	-131
-784	17384	-128	96
784	16736	88	201
1392	16480	-496	131
2008	16792	-1376	31
2504	17264	-1280	120
1824	17256	-1400	145
2216	17408	-1608	57
1680	17464	-1760	38
1152	17136	-1368	112
856	16264	-704	180
1208	15536	-232	233
1504	14920	-8	280
1992	14896	528	329
3064	15912	648	488
3672	16624	1848	614
6800	17704	2272	136
7464	17064	2312	-76
7760	16624	3168	-230
9472	17304	2736	-377
8712	16896	2016	-545
7024	17328	1664	-588
5640	16152	104	-606
3640	13976	-1192	-208
3088	14640	264	532
512	17344	984	618
-7536	16568	-5080	561
-16968	19640	3056	1522
-2408	22776	1984	1451
13088	26232	-984	1010
15816	26088	4168	576
4296	21136	-3912	153
-5024	15328	-4304	-54
-1976	11384	-6328	-482
-1424	17400	-3504	762
1968	20256	928	343
1664	17872	-576	39
976	16640	-1960	11
1312	17216	-1552	100
1696	18040	-1312	103
1248	19328	-1184	179
2536	19808	-1632	60
1344	18080	-3112	-348
-1000	16360	-2888	-227
-2064	16376	-1584	4
-1248	16672	-920	79
-984	17072	-624	93
-1072	17168	-440	132
704	17120	192	147
960	17392	736	61
1184	17848	-344	-51
1496	18400	-1104	65
568	18496	-752	1
1280	18408	-1520	-39
1320	18008	-1360	-27
904	18264	-1600	-108
64	18480	-1768	-141
-840	18112	-2584	-166
-1368	18176	-1624	-145
-1232	17936	-1664	-166
-328	17968	-1528	-127
208	17816	-1280	-178
104	17992	-696	-156
-40	18128	-1336	-196
160	17776	-1184	-181
336	17336	-384	-176
928	17832	-144	-163
1824	17840	-992	-148
2152	17872	-952	-158
1824	18512	-192	-238
1592	18936	-1224	-334
1168	19568	-2592	-382
2904	18824	-1256	-378
3960	18200	608	-391
4736	17968	1192	-530
4544	18008	528	-500
3816	18840	480	-542
3728	19256	672	-587
3816	20144	816	-712
4472	20024	680	-895
4752	19008	-24	-1099
4440	17848	-1040	-1093
4648	17632	-1328	-1012
5184	17064	-2944	-1055
4936	16864	-3392	-663
4560	16752	-2376	-326
5136	17896	-2680	-232
5144	17856	-2520	-138
3608	18912	-2184	-82
4632	18424	-2616	-7
1208	17968	-1760	461
376	17752	-16	584
192	17528	800	595
1248	17584	1488	752
1552	17224	1368	825
2136	18120	1288	867
2016	17760	1040	720
2032	18168	448	753
2328	18384	368	771
2504	18280	-40	676
2400	18368	392	595
2768	18104	352	482
2712	17856	-160	476
2344	17528	-392	456
2208	17360	-120	447
2000	17392	424	438
3184	17624	808	444
3552	17256	720	406
3824	16096	480	285
4080	16168	296	327
4456	16208	1232	338
4640	15904	2136	224
4768	15856	2304	51
5800	15832	2056	-97
6136	16360	856	86
7200	16720	2160	211
8800	17968	-152	306
9832	17616	-2200	215
10896	17856	-2664	481
9912	16720	-344	287
9272	15624	-472	158
7632	14000	80	303
5352	13640	1144	524
1200	12184	-2184	494
-3992	13384	-456	714
-5912	20176	7416	923
9264	32767	13216	1169
-6688	14048	-5016	564
-6224	5824	-1760	-468
-1280	9584	-12736	116
-280	20128	-3008	1060
3400	24488	888	607
1440	21032	1392	88
-2376	17296	-1480	-206
-4296	14936	-1952	-214
-584	15992	-3664	-106
2512	17384	-3424	87
4048	17224	-3096	115
3544	16208	-3920	-94
2104	16696	-2056	-15
3440	16096	-1320	27
5056	15320	-2608	-101
2768	15784	-3048	-119
-2808	18856	1200	41
-3288	18160	-2952	-116
-2584	18432	-3160	11
-1208	18512	-2280	153
-808	18504	-936	169
168	19136	-1072	120
1264	19024	-632	122
2328	17752	-344	-43
3144	17216	-592	-84
3896	17480	-1704	-235
3712	18416	-1864	-266
2840	19016	-2016	-244
1016	18736	-2168	-217
280	18368	-1264	-116
64	18640	-896	-138
1072	17976	-408	-143
3512	17400	360	-130
5800	17200	656	-230
7664	17080	592	-303
9264	19624	-1888	-472
9664	19936	-3216	-688
7376	19136	-1728	-542
3936	18408	2944	-407
2944	20160	-1440	-1028
1816	23920	600	-662
288	22960	1872	-279
-1240	22792	2424	3
-2424	23560	3224	-166
-1344	22800	1008	-367
432	22320	912	-54
-624	21856	1920	418
-304	20144	1144	263
176	19464	72	320
432	18928	56	195
296	18632	-1480	-61
-336	18032	-2040	-127
-472	17320	-2352	-280
-976	16160	-1768	-262
-2656	14160	-1216	-321
-1856	11744	-240	-95
-880	11608	-304	41
-128	10784	96	123
1528	11864	1344	242
2800	12608	3368	69
4528	14296	3104	111
6504	16272	720	253
9464	18768	2688	521
15024	20152	6496	224
19920	21592	120	-353
19328	21816	944	793
15464	21472	2336	323
10528	16264	-2648	-6
2848	13288	-8	800
-5096	16408	680	882
-10472	23296	7296	1026
9816	27264	18816	943
23008	31344	-2584	250
-10768	17648	-4888	1020
-3352	13416	-5480	862
2040	20328	-5360	877
2560	22728	-976	887
5376	21096	-2160	230
848	17776	-2240	4
-3664	16568	-1128	105
-2976	17432	-704	144
-32	18640	-1008	88
1880	19104	-1568	-13
3576	18072	-2920	-242
2904	16960	-3640	-373
2480	16480	-3304	-193
1416	16816	-2240	-62
944	17848	-1376	59
816	17912	-1096	81
712	17408	-1056	70
-272	17608	-1096	-2
888	17880	-1192	118
744	17384	-1352	8
520	17608	-1104	10
1376	18248	-368	26
2800	17552	-1072	-80
2368	18472	264	-42
2928	18760	-760	-104
3496	18624	-4344	-481
3792	19696	-5712	-486
4048	18424	-2056	-16
3280	19256	656	168
5456	18584	640	116
10152	19032	408	-125
10024	20216	2416	-418
6800	20168	3768	-591
1392	19096	3072	-1176
1560	20512	616	-1338
1536	22664	48	-888
1000	23232	2072	-282
-2144	22880	2104	-279
-3312	23152	1800	27
-4040	22792	3576	495
-2592	21440	1648	111
-1096	19624	-704	18
264	18688	352	241
880	17344	536	-30
1224	17808	288	-65
472	18048	112	-190
-672	16928	-1048	-416
-1112	14864	-1360	-355
-2120	13336	-880	-426
-1864	11872	-488	-475
-1504	10200	552	-140
-456	10128	336	-48
232	10080	-816	142
1080	10984	240	409
2576	11480	-360	264
3936	11808	-208	362
10464	17448	3632	1030
20192	20288	8112	593
25776	25144	4168	-30
23696	28896	160	-256
19520	22664	-5224	-205
-14128	8264	-72	834
-14824	18160	13144	1116
21728	32767	11624	864
31936	32767	-72	1029
-13200	20680	-5184	933
-13712	9256	4192	-698
-8984	5384	-9776	-284
-5424	15128	-10064	1037
1240	24168	-3752	896
5344	27280	-240	669
2392	21344	-1160	-53
-4640	16584	-544	-116
-3512	16424	-1032	-112
528	17272	-1752	-75
1920	16576	-2664	-221
1752	16168	-2824	-79
656	17840	16	163
1344	17600	904	48
2176	17648	56	-51
2024	17152	-1288	12
2896	17640	-1376	130
2536	17184	-1424	-35
1048	16968	-1544	54
-88	17872	-1216	136
504	18352	-632	80
1792	18528	-1392	-14
2576	18432	-848	-14
2552	18320	-216	-58
3248	17872	-296	-49
4112	18896	-1536	-62
4968	19296	-4224	-320
-872	18672	-928	-39
-512	18064	1056	-23
2856	18680	952	115
8192	17832	816	-16
9112	16464	-1744	-473
9464	17456	-1328	-616
9288	19904	2600	-633
7032	20136	3856	-691
2768	20288	2576	-884
1416	21448	584	-955
-1016	22400	40	-803
-544	23032	2344	-235
-1808	21728	4432	-31
-3104	20856	3808	258
-2360	21040	3800	535
-1000	21088	3064	540
56	20032	216	254
1504	19312	56	406
2848	18912	576	84
1064	17344	-184	-270
16	16104	-400	-258
-216	15176	-488	-204
-760	14152	-592	-272
-448	12624	-576	-348
200	11792	-1400	-191
1816	11752	-320	128
2440	11512	176	105
2600	11800	88	102
3072	12112	456	150
3016	12224	-536	152
3184	12608	-472	244
4752	13920	1064	458
6168	15656	1064	550
8912	17384	4128	684
15248	19496	2768	122
17192	20128	2104	337
18600	21944	3904	420
7312	17472	3672	705
-752	19120	3432	546
-7144	24256	5072	845
12872	27376	13296	699
24240	24576	-5664	-83
88	14856	-6432	1238
-8024	10400	6528	730
-4824	11128	-6832	-393
-3792	17488	-5528	1068
104	22832	-2312	1165
1760	21488	1800	699
3000	19192	-2176	-29
-2248	16736	-3008	-36
-2416	17216	-2880	109
640	18760	-3144	97
1232	19336	-1576	94
-8	19000	-952	29
440	18208	-1048	-94
928	17680	-1296	-100
936	17584	-1720	-174
312	17872	-1360	-67
768	17480	-776	16
1288	17792	-1032	53
1128	17968	-816	18
632	17888	-1400	-23
392	18088	-1768	-63
1936	17656	-2336	-39
1672	17984	-1288	58
1312	17872	-704	-11
1824	17944	-1184	-42
1784	17760	-424	19
1840	17984	-400	-59
1840	17848	-688	-84
2440	17520	-912	-117
2552	17512	-1784	-99
2360	18336	-1800	-67
2096	17992	-1888	-144
3280	18320	1792	235
4312	17312	1336	10
5784	16152	112	-113
7248	15888	-352	-311
7272	17696	880	-487
5304	20896	3184	-575
-184	23056	4376	-670
-3000	20864	1960	-1341
-3064	21216	-728	-1038
-616	21744	1976	-585
2424	21424	776	-660
1576	20000	2480	-235
568	18672	3856	-211
-1160	18512	3296	-389
-3168	18288	2024	-359
-3264	18352	1000	-277
-1136	18792	448	-90
376	17432	1360	-26
-544	16752	528	-169
-464	16536	520	-146
-320	16704	-600	-131
312	16536	-944	-76
656	15576	-432	7
1088	15096	-312	25
1896	15208	-40	101
2728	15816	776	198
2872	15912	1608	187
2624	16360	1856	214
2512	17168	2320	262
4400	17456	1904	150
5752	18400	1656	205
5576	18352	2200	266
6152	18024	3024	138
5712	17448	3896	20
4792	17008	3344	-84
4168	16760	2424	-10
3896	16280	2304	48
4120	17120	1480	4
5248	16504	1064	8
5632	16704	2200	147
6312	16544	2608	69
6920	16304	2920	37
6880	15584	2456	-58
7112	15520	824	-10
5376	16120	-472	11
2856	14776	-496	303
1272	13952	-976	436
-2160	14328	-696	510
-5768	17368	4920	833
-7040	17480	7272	760
-5392	18904	7696	869
312	22208	1960	1059
9008	24368	-4856	452
11768	24664	-6040	51
-4440	15048	-3000	97
-1912	19040	-856	281
2032	19280	-2480	-28
4192	17232	-1168	209
3136	16928	-1016	123
2104	17664	-1288	218
2104	17960	-1144	136
2672	17896	-1592	40
3000	17680	-1240	129
2824	17632	-1512	101
2432	18392	-2288	80
2200	18448	-2736	25
-168	18024	-1648	-25
-808	18008	-368	107
304	18176	-1056	-10
456	17736	-1528	-132
-432	17992	-1088	-93
-192	18392	-1536	-63
-1088	16960	-1168	-82
-1320	17320	-792	73
-688	17896	-320	21
-352	17408	120	-109
-336	17960	352	-17
552	18048	-1168	-175
520	17856	-592	-208
-24	17424	-464	-119
-176	17816	-56	-75
64	17968	-160	-121
-264	17496	-1096	-196
-376	17504	-272	-86
16	18016	-16	-100
288	18336	-360	-141
-320	17792	-952	-221
-176	17560	-712	-205
8	17688	-616	-213
-144	17448	168	-181
152	17768	-864	-329
624	18232	-880	-262
1040	18424	-536	-268
1472	17984	104	-233
1240	18080	168	-235
656	18392	72	-284
752	19608	-584	-327
1616	20016	-1160	-463
2168	18744	-976	-568
2368	18248	680	-548
1704	18944	1800	-674
2032	20280	2768	-741
2936	19672	1752	-810
3136	19312	1240	-761
3120	17872	976	-842
2816	16216	712	-965
3432	15592	1000	-1001
4688	15456	696	-1026
5208	16376	24	-1026
4128	17536	-1424	-371
3848	18176	-1240	-301
3392	18944	-2296	-87
2856	18944	-2336	88
456	18104	-1528	189
-544	17536	176	323
-840	17400	1328	461
1728	18640	528	338
2392	19056	104	620
2576	19152	136	621
2624	18872	-168	570
2856	19328	664	596
2224	19552	800	575
1744	18336	728	533
1280	18608	248	553
1224	18784	88	608
1928	19064	-384	690
2952	19032	-456	765
3504	19056	344	769
3376	18072	-120	622
3064	17688	280	590
2152	16544	512	454
1880	15896	1360	397
2344	14960	1872	304
2032	14872	1464	312
2160	14248	1424	380
3024	14760	1352	306
4224	14936	696	290
5104	15376	264	409
5384	15416	72	365
6168	15384	360	334
7032	15472	1064	218
6960	16208	1624	153
7176	16528	1784	84
8192	17240	2568	-56
10640	18192	3512	-95
9576	17760	-1856	163
6368	14312	32	793
4520	14320	2128	727
3264	16264	-272	430
1264	17816	992	630
3160	21288	4672	774
12392	27800	5824	587
8800	27000	1088	508
-752	19272	2128	432
0	13264	-4152	43
-328	11128	-6896	301
-1648	17000	-736	998
1680	22240	-104	705
2080	21152	672	375
936	17408	-1736	18
-1552	15704	-2488	37
-1944	16400	-2896	127
1408	17192	-2840	217
3432	17216	-2856	141
3096	18544	-488	-11
880	18104	-72	-111
848	17664	-760	-132
656	17000	-864	-185
584	17232	-1608	-32
-648	17696	-2024	-1
-1232	17696	-1984	118
-1208	18168	-888	156
-960	18384	-776	50
-160	18512	-1104	62
-320	17872	-1360	31
-520	17608	-1024	85
152	17992	-688	141
1280	18216	-256	64
1360	17912	-1024	-52
1408	17552	-1408	-136
848	17712	-648	-43
552	17448	56	-36
1136	17376	16	-66
2160	18000	-1736	-203
2656	18648	-1528	-90
2736	18216	-1496	-187
3448	17568	-24	-35
4512	17896	-8	95
7776	16464	-24	-77
8184	16872	-208	-159
7976	17624	-8	-406
6880	18856	-464	-750
6168	19504	1208	-682
5072	21616	2840	-574
2616	22504	4200	-719
2072	22464	784	-1069
400	22288	-128	-870
-1008	22272	2680	-213
-416	21888	3592	196
-1336	21008	3152	209
-1632	20976	2368	465
776	20776	1552	612
1592	19848	-192	395
856	18392	-872	245
1392	17176	-48	119
816	17136	-208	-73
192	17088	-216	-242
24	16032	-952	-385
-864	15648	-1144	-370
-1440	14648	-1104	-272
-920	13104	-1616	-206
-952	13240	24	-40
-536	12272	-128	-4
168	12056	-736	176
2800	12368	1504	351
3968	13360	1232	246
5432	14616	576	273
7656	15688	1648	450
10304	17048	1432	390
12232	17320	136	434
14552	18544	120	606
16008	20648	2568	536
17936	22568	1160	123
15912	21288	-1664	-54
8768	15584	-328	489
2840	11616	-1752	518
-4080	11624	-736	809
-6936	22120	9888	1150
12096	32767	15656	1206
-3864	22128	-9496	750
-8184	5704	-8384	-267
-1080	19336	-7496	1242
960	25952	-840	983
5488	22104	-1400	30
-4008	16024	-1288	-127
-4016	16016	-1384	-61
-1800	17016	-2272	-13
1128	18880	-1616	-5
2840	18824	-2496	-63
2104	17360	-3168	-139
368	16712	-2312	-74
1480	16960	-512	52
1384	17624	16	-32
1984	17688	-272	-121
904	16800	-1928	-279
536	17312	-2480	-159
1344	17096	-1632	1
1784	17144	-1872	-50
392	17256	-2040	-2
672	17960	-920	-23
2056	17320	-856	-114
1920	17600	-640	-29
2096	18376	216	-2
2104	18456	240	-74
2752	18824	-888	-192
3272	19104	-2696	-424
3728	19024	-2560	-263
2744	18696	-1328	-85
2848	18320	-432	-85
4808	17904	424	132
8576	17360	936	-7
9272	19032	1160	-294
10432	20024	1768	-637
8800	20048	3136	-615
6168	20312	4728	-586
-352	22232	-2840	-1448
-2360	24240	-1112	-285
1008	24720	3632	233
-1040	23728	4760	43
-2536	22176	3496	-125
-1344	19592	2672	641
488	20616	2056	560
872	19320	72	205
1200	18592	64	113
1872	18104	496	-14
1344	17456	832	-109
552	16816	240	-300
536	16144	-624	-409
-728	15240	-1192	-489
-1264	14008	-1744	-530
-1656	12824	-184	-467
464	11624	160	14
1264	11688	280	145
2000	12504	392	261
3008	12816	-200	458
3384	13456	48	512
5744	14672	728	381
7464	16112	3192	591
10992	18000	6464	711
18240	19288	-464	276
18736	20872	-648	832
20776	24896	1368	78
18480	22384	-984	-146
11200	16624	1344	450
-4280	10848	-472	332
-10352	14872	4768	976
-6320	22920	10136	944
21960	32767	10528	1125
25480	32767	-4096	762
-9064	3040	432	-1278
-6688	10128	-7128	458
-2528	20880	-4760	1251
3312	26064	-208	665
9280	22304	-1592	119
2664	17688	-3040	-181
-2736	16080	-2616	-70
-3152	17016	-2528	94
-1216	17640	-1632	214
1104	18120	-256	239
768	18336	96	111
-192	18072	-8	34
-1024	17472	-560	-66
296	17192	-728	-86
232	17312	-608	-173
1032	17176	-1216	-174
1424	17848	-2192	88
1016	17384	-1424	171
464	18152	-1784	23
336	17464	-1584	7
144	17952	-448	126
992	18344	-440	40
1192	18224	-1560	-106
1912	18000	-1248	-44
2176	18088	-664	29
1904	18072	-128	-18
2200	18736	0	12
3256	18712	-1904	-247
3240	18088	-3800	-409
3320	18104	-3072	-105
3240	18168	-960	-47
3416	18176	944	168
4624	18032	16	-78
6752	17040	256	-208
7712	17688	2152	-257
8064	17744	3008	-699
8000	17824	2664	-978
4208	19960	688	-1211
1480	24544	-1600	-1298
-360	25360	24	-370
-576	25488	3600	49
-1832	22824	3024	-171
-72	20560	2736	93
-856	20424	2688	350
-1864	19536	2928	467
-816	20576	856	617
520	18952	800	400
1768	17968	328	166
2688	17904	-80	232
1240	17960	-232	85
488	16952	248	-85
1288	16312	192	-209
48	15672	-448	-395
-1040	13904	-304	-285
-1064	13024	-152	-194
-592	12032	320	-17
80	11576	1536	250
1264	11616	1576	274
2360	12040	1352	323
3400	12984	456	447
4328	13672	-24	425
6856	15328	1784	379
9640	16680	2248	318
13040	18656	3352	353
16736	19400	-472	112
16352	19464	-800	287
15344	20192	1224	269
15088	19936	1464	-65
11240	16728	136	-11
-4752	15000	2144	914
-2728	20832	7192	925
14760	29872	9200	973
32112	32767	-1400	675
-5488	18632	168	1069
-10992	9376	5736	-82
-6480	6720	-6128	-508
-1472	14664	-5656	1136
744	23280	-4560	1033
5552	25248	1816	768
2960	19376	-1024	-232
-2088	16808	-784	-29
-4200	17176	-1296	82
-1920	18160	-2096	-88
664	18800	-2104	-39
2320	18928	-2128	28
56	16240	-1288	-20
992	16360	-1072	-35
2192	17208	-704	-161
2080	17360	-840	-182
920	17008	-1424	-66
296	17624	-856	30
16	18136	-976	27
584	17744	-1880	-109
832	17360	-1552	-37
632	16864	-360	66
48	17888	-1224	-25
1824	17808	-792	-16
2608	18152	-840	-1
2736	18448	-256	-21
2344	18800	-520	-34
3856	18120	-2504	-281
4472	18168	-3856	-394
3880	18504	-2400	-113
1976	18472	240	-5
2192	18592	1344	-51
5032	17360	1728	-199
7808	17560	1344	-204
7424	19808	240	-368
6680	22048	2032	-401
5448	22984	4568	-266
2432	20816	2816	-995
56	18720	1128	-1332
-1080	18864	1968	-810
480	21320	1608	-664
408	19944	816	-809
-848	19368	1960	-104
-2320	19720	2192	-177
-160	18048	632	-51
576	17264	160	366
1272	16448	272	339
944	16176	-360	146
1240	16416	16	196
1744	16816	-392	74
952	16112	-560	59
856	16184	-608	89
968	16504	-784	137
552	16472	-72	102
1400	15976	600	82
2920	16192	240	89
3296	16840	224	188
3936	16880	-600	244
3768	16568	136	431
4504	16728	1704	112
4288	16376	656	119
4672	16488	1416	206
6176	16920	2192	122
6872	18128	3096	30
6728	17744	3864	-223
6624	16584	232	-309
5264	16240	-920	-228
3936	16056	-216	-93
3016	16056	1208	29
1968	15440	104	245
1184	15320	256	433
512	16736	1528	235
-1728	17512	4424	384
-4696	18048	6296	733
-8064	18520	4096	388
5824	25608	-952	471
10432	22600	-448	83
7528	19296	-632	309
168	16112	1328	-17
-1328	13704	-1608	-547
-1824	15968	-1320	235
1056	18104	528	388
2424	18392	-448	187
3104	17304	-200	182
2376	16920	-280	119
2560	17400	-456	119
3168	18648	-984	92
3408	18928	-1224	84
2984	17824	-1056	105
1984	17480	-1096	23
1248	17808	-1504	32
1352	18200	-1264	50
1984	17976	-1064	16
2200	18160	-904	9
1344	18208	-784	-16
904	17768	-1360	-75
976	17920	-2088	-132
536	18168	-2040	-98
0	17840	-616	14
-280	18168	240	71
312	17944	-40	24
-408	17896	-1312	-166
-400	17632	-968	-134
-608	17776	152	-91
-544	18272	448	-79
304	17792	-200	-174
856	17536	-1024	-154
808	17848	-1240	-201
120	18032	-1320	-238
208	18080	-664	-160
368	18168	-376	-205
344	18328	-656	-231
344	18080	-680	-234
384	17936	-752	-274
464	18080	-584	-296
144	17952	-168	-309
176	18128	-256	-276
1016	17976	-144	-347
1168	17792	-464	-383
616	17760	-392	-385
0	17624	184	-374
1160	17832	592	-343
1536	18168	664	-329
1824	18216	1288	-284
2320	18352	496	-482
2968	19256	-608	-504
3648	19328	-1248	-535
4760	17920	-496	-628
4776	17336	480	-708
6256	17472	1056	-825
7944	18944	3088	-810
8168	19648	3320	-905
8880	19336	-2360	-1255
5024	18792	-5504	-1229
1640	17864	-4312	-749
-952	16576	-3264	-69
-2240	17264	-784	260
-808	15608	328	37
960	14736	656	114
1800	15552	472	574
784	17136	840	1085
-432	18040	928	1369
408	18512	584	1080
2712	18816	376	1078
3784	19656	568	1226
3768	19640	720	1078
3328	19360	1800	942
2360	19696	1216	884
1936	19192	968	706
1704	18824	320	667
1504	18544	336	687
1264	17240	1384	503
1672	17536	1248	403
1296	17408	1248	306
1264	17104	688	180
1160	16704	528	228
1232	16432	1064	206
2136	16416	1488	121
2968	16560	1896	67
3544	16632	2832	77
4696	16144	2584	68
5072	15624	1968	32
5264	15288	2536	-120
4944	15192	1432	-321
7336	15024	-560	-147
9952	16160	-2632	294
11360	18352	-808	553
12296	20384	896	144
11456	19024	-2160	0
5648	12584	-880	381
-208	14704	920	632
-3816	24160	6416	1058
14504	32767	7504	834
15008	29368	1840	363
-1976	17744	-5344	593
-11608	7632	1936	567
-6048	8120	-3080	-148
-720	16240	-5328	746
1728	23520	-688	861
2240	23320	-888	185
-2536	17400	-296	-127
-5424	15400	-376	-167
-4320	16600	-1264	-162
-1560	18776	-2048	-114
3128	20296	-1872	-88
3200	18896	-2368	-282
1760	17280	-3464	-326
1056	17560	-640	74
664	17968	-1120	-14
-304	17408	-320	24
-1080	17472	-88	114
-432	17728	-128	157
176	17232	-1248	-73
-208	17376	-1360	-95
-736	17264	-1176	40
-592	17216	-160	170
-1072	17280	-8	69
-904	17776	-144	25
-512	17384	-184	-28
944	18264	272	-16
2208	18304	808	-6
2960	18208	-648	-118
3792	18712	-2152	-97
2792	19336	-1600	-37
2712	18768	-488	-55
3544	17792	680	113
6032	17184	704	56
8328	17120	272	-192
10296	17728	-880	-694
10816	18744	-856	-719
9280	19360	1344	-689
5264	18872	1696	-868
1328	21176	1648	-888
-752	21176	320	-758
-2624	22024	824	-468
-1448	22608	1744	-265
-888	23624	3512	178
-672	23792	3688	567
-904	21080	1960	663
552	20560	-24	411
1616	19184	304	255
1016	17464	536	42
840	17144	648	-160
568	16216	720	-297
-280	15384	-328	-531
-1248	15152	-328	-450
-2312	14488	-728	-501
-3168	13392	-424	-344
-2400	13088	64	-199
-1216	12040	104	-219
408	11840	128	-141
1536	12032	1008	116
2328	12808	2232	203
3952	13736	784	119
7944	17736	3656	560
10976	18432	376	417
15176	18856	2520	797
16288	19840	3216	291
18272	22520	2872	80
15648	21488	336	135
9072	16160	-448	252
-1080	9272	-1384	501
-7992	9688	1576	878
-7184	19544	10112	1072
9152	30464	13528	1170
31888	32767	-912	699
-3352	25592	-576	1280
-13664	12392	4968	140
-13536	288	-1480	-741
-5288	7280	-8040	687
8624	29056	248	710
2728	19544	-544	-289
-6360	13112	-2384	-225
-6632	15008	-1256	57
-544	18000	-2952	-93
1744	19224	-3432	-56
3048	18384	-2592	24
1408	16704	-3000	27
2080	16808	-1256	277
2728	18200	-440	318
2840	18384	-1080	61
1872	18328	-1088	53
1456	17592	-1176	-39
472	17728	-1904	-4
1048	17664	-1368	-1
344	17048	-808	-4
824	17888	-744	-17
1088	17960	-872	-116
2272	17840	-352	-94
2568	17480	-152	-114
2512	17640	104	-109
2496	17680	-400	-203
3632	17320	-2480	-361
4416	18040	-4888	-498
4976	19144	-3912	-207
2112	20200	-472	215
2312	19800	880	3
4904	20504	776	-12
8384	18744	-40	-155
10216	17680	912	-301
10040	17368	-88	-821
9584	17944	16	-914
504	22216	1928	-1302
-4104	25360	1536	-732
-2112	23296	3056	-123
128	23232	3288	389
2800	24192	2584	815
936	21848	4848	865
296	21056	2584	590
736	20304	1392	532
1312	19200	1376	507
2216	17696	416	-77
1152	16688	-88	-144
1184	16864	-48	-234
-88	15720	-896	-413
-2408	14304	-1128	-509
-3616	13864	-800	-512
-4032	13792	0	-535
-1328	11320	232	-14
208	11456	656	7
1864	12112	1304	121
2456	12904	2432	265
3944	13832	1200	77
5184	14896	776	360
6864	16952	3248	530
10712	18816	2984	125
14872	18504	256	429
17408	20560	824	966
17536	21968	4808	599
20384	23520	1816	-39
11592	16624	664	590
1744	10872	-368	221
-6056	11016	368	467
-7936	14136	3904	1241
-3096	19064	9872	1147
13608	32767	14848	1037
22840	32767	-4592	-149
-1952	24856	904	1115
-6920	10856	2264	28
-10472	1080	-6608	-882
1160	12488	-10488	467
3728	22080	-7488	1189
6672	29912	2208	1232
5488	22880	-624	-256
-3416	14960	-2560	-353
-7256	13488	-3216	-168
1840	18816	-1464	72
2232	19040	-1392	33
1944	17376	-1872	-162
1152	16848	-2592	-85
1736	17336	-1056	154
1296	18208	-1272	155
2232	17736	-640	-22
-448	18456	-496	172
1360	17832	-440	125
1040	16664	-1048	-136
824	16672	-1368	-122
272	17736	-544	114
816	18304	-1032	-37
1944	18080	-1536	-98
1544	17608	-768	-41
1592	17728	152	-14
2040	18376	544	-139
2552	18480	-1536	-245
3352	18280	-3392	-441
4592	19328	-4176	-284
3264	19416	-1368	159
1360	18792	-496	-63
4208	18464	648	115
6640	18256	904	76
9472	17856	888	-111
9928	18192	-408	-785
8528	18280	-552	-840
7736	18496	2520	-405
5400	19136	3464	-590
2200	18568	1936	-1170
-456	22488	1600	-662
-120	22840	3552	-5
0	23760	4112	263
-808	22672	4464	485
-952	20616	2312	172
-216	19416	264	475
1120	19456	696	552
1640	18232	152	129
1432	17736	-1000	-74
440	16728	-600	-40
1016	16040	-1112	-180
-1200	14912	-1824	-226
-1160	14960	-1088	-167
-2056	13800	-720	-241
-1864	12584	-664	-229
-1320	12032	-664	26
-328	11944	536	179
1136	12200	720	209
2480	12416	1272	370
3000	13232	2800	468
4976	15448	72	689
7648	16632	1944	551
11456	17152	3112	356
14848	18416	3976	333
15864	21632	-1200	196
16648	23088	24	494
13928	20952	-272	331
9288	16672	880	681
-1328	15208	1568	711
-6144	22320	6616	819
4120	28328	15152	613
21232	32767	-1024	-127
-552	23616	-13568	678
-10848	9024	2840	901
-9984	3752	4384	-237
-4568	10296	-9712	-190
1616	19560	-3448	1283
3520	28912	-992	463
-3192	14264	-3272	-245
-4888	15392	-4072	7
-1496	17664	-728	87
72	18880	-1024	6
928	18560	-1096	-3
1760	17256	-2344	-198
1224	16768	-1752	-226
2472	16600	-2976	-116
2096	16720	-968	269
1496	17664	-544	200
1240	18240	-48	141
472	17952	24	99
1400	17560	96	12
320	17624	-912	-70
880	17728	-1160	-39
1128	18096	-704	-22
2776	17952	-1256	-104
3176	17840	-592	-11
2336	17576	-256	-79
1712	18648	472	20
1840	19312	-968	-241
2560	19008	-3136	-480
2552	18368	-4184	-397
2088	18000	-1880	37
1360	18336	-1768	-181
1592	18416	-112	1
3752	18032	1568	111
6984	17608	992	-245
8488	17816	880	-569
6944	17888	2432	-506
2608	19200	4552	-523
-2592	21568	6368	-144
-3536	21008	2280	-1058
-1272	20936	-688	-1428
-616	20400	512	-104
176	20192	2368	1031
-40	20560	3760	956
-512	20504	2592	224
40	20216	800	466
0	19272	968	762
240	18112	-72	108
-120	16880	-672	91
-400	15632	40	222
272	15128	200	97
496	14576	80	-29
152	14400	528	-62
-872	13712	272	-138
-2128	13016	224	128
-392	14184	2176	482
2080	14840	2504	425
4920	16008	1400	314
5592	17072	-1496	232
5576	18288	-4232	157
8360	17440	-3104	121
14400	18072	1208	70
16280	19160	2504	-142
12656	19592	-832	-239
6288	18712	-3424	2
-2720	21456	2024	534
-4496	25176	7944	875
8152	18656	-576	324
2000	15912	1856	712
-1128	14912	1040	-32
1752	20528	-416	-4
-544	18696	-1816	-59
-1192	17528	-1384	-5
424	17600	-1528	1
2576	18080	872	133
3400	17976	336	-34
2864	17368	-960	-87
2304	17304	-2304	-95
2024	17896	-1872	40
3216	18304	-1624	77
3848	18088	-1576	51
3928	18216	-1128	65
2984	17816	-1440	-53
2408	17552	-1456	-64
2408	17712	-1040	2
2472	18032	-264	21
1944	17456	-696	4
1712	17792	-1384	-37
1536	18112	-1192	3
1784	18032	-1488	-23
1776	17688	-1624	35
1872	17376	-1368	54
2040	17656	-792	28
1968	17952	96	15
1440	18392	-128	34
1280	18288	424	60
1112	18128	-304	49
1440	17896	-368	-39
1840	18208	-632	-15
1928	18152	-1360	-82
1800	18048	-2136	-60
1592	17568	-1384	40
3384	18232	-728	-52
3480	17840	-760	-142
2600	17632	-400	-214
1512	17512	-208	-180
1648	17848	200	-141
2472	17872	-24	-132
2744	17536	-24	-124
2672	18064	296	-188
2432	18152	32	-172
1632	17720	-72	-142
576	16920	-152	-85
632	17168	760	-70
1688	17456	432	-144
2336	17736	264	-119
2128	17912	640	-102
992	17560	448	-101
1528	17408	592	-115
1192	17352	1056	-109
1536	17528	968	-99
1848	17960	528	-41
1744	17640	576	-25
2432	17504	824	-55
2160	17448	1088	-78
2120	17760	1208	-62
1464	17616	752	-68
1424	17376	1000	-43
1880	17680	1336	-26
2192	17600	1272	-26
2320	17744	1192	-28
2576	17664	1080	-22
2512	17656	760	-44
4216	16528	2264	88
-1120	16936	1248	1154
-1576	15648	-344	1434
4008	19296	3344	587
4136	18224	576	-40
2960	17944	256	87
704	18536	-1080	200
712	17392	-1064	297
1984	17616	-672	386
1680	18928	-1344	555
1560	18408	-608	819
1448	17856	-896	486
1784	17856	-2016	368
1792	17776	-1320	393
1512	18672	-952	301
1856	18912	-1192	156
248	17504	-1160	395
1072	18024	-1192	118
1576	17440	-1312	195
-336	17728	-1816	269
0.000000	0.000000	0.000000	11
0.000000	0.000000	0.000000	75
0.000000	0.000000	0.000000	139
0.000000	0.000000	0.000000	203
0.000000	0.000000	0.000000	267
0.000000	0.000000	0.000000	331
0.000000	0.000000	0.000000	395
0.000000	0.000000	0.000000	459