			
424	16736	-808	82
360	16456	-1224	62
200	16520	-1168	62
288	16616	-1296	64
16	16704	-1088	49
0	16832	-1248	40
-312	16936	-1128	28
-256	16960	-1056	25
-192	16800	-1184	9
-144	16752	-1360	2
40	16624	-1376	-1
-48	16768	-968	2
176	16768	-800	-11
64	16568	-912	-37
176	16760	-816	-37
-24	16696	-600	-38
-144	16728	-512	-43
-352	16568	-632	-34
-328	16512	-640	-42
-64	16304	-648	-31
-232	16720	-736	-25
-136	16552	-720	-35
-336	16680	-744	-48
-272	16576	-760	-48
-272	16648	-648	-43
64	16728	-744	-49
72	16744	-704	-55
16	16584	-816	-56
-144	16744	-640	-54
-144	16680	-552	-53
-128	16600	-304	-56
-464	16600	-24	-75
-680	16600	-152	-70
-408	16856	-344	-62
-296	16512	-352	-56
-464	16456	-200	-56
-608	16448	-120	-50
-648	16728	-40	-45
-376	16432	-152	-28
-336	16520	176	-28
-312	16608	-160	-30
-424	16720	-24	5
-160	16512	-224	6
-480	16744	-304	-8
-344	16664	-168	23
-296	16728	-264	9
-472	16456	-328	8
-456	16768	-384	7
-632	16520	-232	14
-544	16600	-200	26
-424	16568	-600	22
-128	16488	-712	20
-336	16568	-344	25
-1184	16528	-184	21
-960	16568	-248	25
-344	16632	-192	39
-232	16552	-232	36
-112	16592	-528	29
-488	16520	-104	47
-1104	16720	360	59
-744	16616	-56	48
-424	16560	-720	47
-360	16864	-712	74
-64	16736	-544	79
-88	16720	-216	79
-240	16648	-408	76
-472	16656	-416	69
-392	16736	-368	63
-376	16720	-824	80
-424	16680	-728	79
-376	16560	-648	88
-392	16712	-512	73
-552	16592	-112	66
-704	16584	-592	72
-752	16672	-632	87
-688	16824	-104	102
-920	16768	-360	91
-704	16648	-8	122
-648	16560	64	135
-1008	16416	184	135
-1312	16560	288	161
-1160	16536	-176	165
-976	16496	-512	185
-920	16800	-496	219
-1056	16744	-560	228
-1064	16800	-312	256
-2136	16616	720	300
-2264	16208	1416	369
-2336	16096	1928	404
-2344	16464	2184	468
-2504	16576	1976	529
-2424	16912	1768	583
-2296	16928	1528	639
-1648	17232	728	714
-1920	17704	480	740
-1720	18152	224	780
-2208	18552	176	828
-2192	18760	-216	871
-1992	18752	168	912
-1760	19144	440	992
-1040	19752	328	1002
-776	19856	-416	991
-488	19640	-448	1016
744	19536	-1648	1068
1512	18856	-1808	1016
344	18320	-2464	1000
-48	18016	-2112	998
640	17056	-1784	929
-24	15984	-2144	723
-56	15736	-2056	615
-928	15288	-1416	436
-1800	14792	-1440	299
-2088	14112	-1352	44
-2008	13680	-1496	-104
-1816	13648	-1280	-245
-1120	13840	-952	-378
-160	14496	-1592	-589
-384	14752	-1776	-715
-1008	15088	-1616	-801
-1112	15472	-1032	-947
-1048	15848	-1560	-1111
-704	16072	-1992	-1250
-720	16576	-2744	-1399
-768	16632	-2696	-1464
-688	16752	-2096	-1520
-912	17640	-1776	-1715
-976	17376	-2128	-1801
-824	17360	-1464	-1812
-760	17608	-1112	-1772
-1400	17688	-1184	-1786
-2024	17576	-1208	-1790
-1320	17408	-1240	-1749
-1240	16968	-1160	-1751
-1200	16768	-1296	-1640
-1320	16896	-1488	-1591
-1360	16784	-1408	-1543
-1888	16296	-960	-1467
-1584	16512	-496	-1400
-1200	16776	-72	-1342
-1056	17080	280	-1299
-1920	16632	512	-1212
-1872	16016	1096	-1129
-1248	15512	944	-1024
-912	14944	1128	-898
40	14184	784	-646
424	14424	-80	-480
1176	14640	-248	-301
1208	15072	-456	-114
1040	15072	-1016	-13
880	14632	-864	118
728	14440	-1080	307
944	15216	-1616	432
2208	15288	-1128	652
3048	14504	-1680	766
-4016	16152	3416	879
-8304	17992	8488	809
-7944	19040	9704	476
-5392	19096	3328	211
-6960	20472	992	480
-7632	20568	2240	782
-8048	18024	1192	692
-7496	16464	-488	678
-3168	16152	888	814
4016	17008	2264	869
3392	17208	-768	697
304	16800	-2128	727
2736	17592	-1144	955
2408	17456	-2376	809
1384	17224	-4528	634
1512	16992	-3448	589
-496	16024	-1480	471
-2624	16040	-232	332
-2288	16440	0	268
-504	16592	-480	371
600	16784	-1632	350
840	16656	-1528	314
-104	17224	-704	314
584	17296	-648	296
1376	17272	-632	357
2168	16496	-856	300
3128	16720	-848	277
1264	16984	-496	246
-88	17024	-64	275
80	17048	112	260
1072	16952	-704	273
2280	16928	72	276
1064	16112	608	247
496	16728	1176	336
520	16800	576	294
472	16728	880	347
424	16864	640	375
824	16832	-208	415
1584	17200	-592	456
1400	16920	-1160	455
1512	16880	-1272	478
2104	16952	-1376	512
3160	16856	-584	501
2832	16848	-1016	467
2672	17160	-1376	460
2264	16984	-1576	458
2496	16936	-1744	525
2184	16624	-1680	533
1640	17152	-1416	577
1440	17464	-1544	593
1568	17448	-1832	586
1968	17096	-2256	575
2064	17400	-2120	581
2504	16920	-1960	572
3120	17208	-1264	617
2344	17144	-1608	633
1624	17224	-2128	640
1816	17248	-2568	672
1968	17544	-2376	723
1680	17504	-2096	745
2032	17104	-1656	804
2008	16264	-1400	788
2520	16776	-1032	796
2952	17448	-464	815
2488	17480	784	833
2056	17704	1416	849
2104	17960	1792	868
1600	19048	2320	962
456	18432	1704	1076
-1296	17232	1720	1094
-4008	15672	1800	1215
-5688	17144	1072	1394
-7392	21096	960	1808
-8128	24568	872	2102
-8064	28448	2168	2163
-8288	30112	-520	2000
-4688	28032	-3104	1889
-784	25760	-6304	2012
3864	24664	-5272	1837
11432	21864	1344	1598
16320	18400	1840	1472
15880	18592	-4368	893
17032	16240	-7448	871
13008	15032	-7416	986
8088	15360	-8032	852
4136	12112	-6872	946
3024	10272	-5552	889
5136	9312	-6536	761
4832	9936	-6608	728
1552	9840	-4920	765
2576	8504	-3008	260
4432	7216	-2968	-257
4728	7120	-4736	-810
4544	7432	-7784	-1255
3152	6400	-8128	-1275
1584	6168	-8848	-1246
3568	8064	-9656	-1814
4448	9168	-11072	-2321
4264	9296	-11424	-2775
3752	8480	-10848	-3111
3256	7888	-9528	-3115
3336	7576	-7088	-3073
3488	7984	-4920	-3067
3832	10928	-2824	-3230
2776	13080	-3928	-3351
2608	15064	-4584	-3504
4224	16752	-5448	-3591
5208	18776	-7248	-3589
4912	18816	-7920	-3576
5120	19656	-7952	-3675
6008	19592	-7184	-3869
4376	19728	-6800	-4027
2120	19640	-6040	-4010
-536	20840	-4080	-3839
-160	21288	-2464	-3748
568	22088	-3576	-3491
1152	22864	-3168	-3436
1504	25056	-3992	-2953
2848	25976	-1344	-2689
1536	20184	2488	-2418
-544	11896	4936	-2339
328	7904	3184	-1225
4992	8720	2960	-133
9704	12208	-2128	514
11176	10816	-4544	751
11296	11760	-7112	937
9560	13144	-9248	939
-5104	17864	-5072	1353
-17520	23200	6640	2500
-17184	31864	19080	3176
-3488	30728	2968	1288
-1984	31296	-4856	814
-2440	22160	-11016	1002
-1768	12776	-12832	710
856	11472	-10016	839
12208	15504	6984	1760
4928	18752	1632	1001
928	18216	-4216	863
3768	18168	-1496	1105
4120	18848	-4184	986
4656	17568	-6792	657
3896	17528	-528	760
56	16296	1040	707
-688	16248	336	639
1800	17264	-1072	540
4216	17648	-1904	436
2968	17704	-2624	450
2480	18192	-1928	545
1080	17608	-1192	551
528	16696	-1008	458
488	17032	-904	494
880	17120	-568	523
1624	16784	-320	533
2168	17200	-216	539
2008	17480	-128	473
1408	17112	-368	400
1768	17016	-512	399
2112	16512	-104	453
2344	17192	-48	529
2280	17024	-216	569
2080	16392	-1056	537
1984	16392	-1592	481
1712	17008	-2280	442
2416	16848	-2304	481
2896	17640	-1856	548
2736	17152	-1560	534
2616	16448	-1328	531
3408	16568	-1632	565
3720	16656	-1488	537
3880	16936	-2048	602
4248	16408	-1512	612
3864	16216	-960	647
3024	15912	-384	667
2144	16520	-184	679
1720	16552	-488	693
656	16784	-920	776
736	16704	-1024	863
1296	16888	-744	942
1448	17016	176	1010
640	18704	2504	1089
16	20208	3296	1134
-200	21624	5376	1210
680	21632	5112	1284
-400	21960	4720	1313
-2928	21840	3688	1206
-6688	19536	1600	1381
-8880	24904	1376	1864
-10072	30168	2552	2333
-15128	32767	1256	2669
-13416	29696	1048	2482
-4560	27128	-656	2477
7184	25944	-4776	2643
10376	25040	-3120	2555
10352	22056	784	1865
12640	17192	672	1249
16640	18240	-5376	-122
16400	16992	-12176	-629
5240	13432	-11128	957
1264	11272	-4752	1491
3512	11528	-3880	808
6440	9032	-8344	107
4576	9616	-9968	-15
4120	8016	-7960	194
4040	7312	-5560	253
5512	7312	-4680	21
6112	6056	-6400	-818
5288	5648	-8640	-1301
2464	4400	-10720	-1539
504	4960	-12264	-1600
872	5488	-11104	-1823
2480	6056	-11392	-2224
3288	6504	-11576	-2545
2272	6024	-11496	-2923
1856	5960	-11064	-3127
1432	5928	-10344	-3205
824	6064	-8416	-3204
1640	7344	-4696	-3296
1440	9960	-3664	-3550
1432	11624	-5040	-3845
3304	14736	-8176	-3827
5608	15264	-9864	-3705
6544	19184	-10224	-3799
5096	19144	-8872	-3997
3656	18888	-8784	-4216
2224	19488	-8352	-4363
88	20224	-5336	-4352
-416	22144	-4000	-4199
-528	24960	-2344	-3966
1096	25480	-680	-3669
2280	27248	216	-3347
3984	30128	1576	-2980
2248	17640	1840	-2706
-208	7048	2776	-1609
3152	6800	4008	9
9952	10896	-936	1101
13360	11904	-6560	1251
12128	13344	-9080	1374
5720	16104	-6488	1521
-7600	18968	-1712	1638
-18392	25288	9280	2252
-4272	30696	8576	2713
2712	27304	-2368	1161
1200	26816	-5864	951
-320	20760	-9896	658
2768	13104	-14488	226
8720	10160	-4112	1074
1624	17464	384	1867
-1104	19224	-3584	1054
1632	19696	-3632	885
4512	17928	-1920	806
4744	16064	-808	767
3768	16608	-352	703
1520	17096	-1728	689
584	16960	-1376	657
1656	16744	-2592	702
2472	16928	-3168	607
3080	17248	-3768	548
1728	17264	-3488	429
168	17904	-4048	378
-920	18136	-3432	392
296	17912	-2848	358
2304	17344	-1848	282
2912	16904	-1360	280
2072	17040	-8	285
960	17024	-1000	277
1584	17056	-1648	276
2320	16432	-2064	282
2592	16848	-1224	355
2536	17360	-632	409
1960	17616	-672	424
1840	17672	-1016	413
1504	18056	-640	397
1480	17592	-352	419
1920	16992	-680	412
2712	16360	848	387
2552	16400	-552	580
2120	16416	-856	727
1712	16688	120	784
1944	17280	-376	581
2304	16952	-584	485
2768	16752	-616	501
3056	17160	-624	614
2624	17208	-1272	646
2320	17000	-1320	690
2096	17696	-1256	752
1400	17288	-472	780
1088	17392	-232	831
1304	16784	-288	880
1408	16064	-472	956
1360	16720	-296	1060
1592	18240	328	1113
1464	19352	1328	1058
176	20800	1704	1180
-536	21408	2664	1241
-1320	20760	3816	1343
-4504	18384	3752	1370
-8504	17400	2600	1396
-11984	20968	1880	1866
-13208	25424	2464	2330
-14080	29016	1952	2830
-9352	28968	4112	3298
-4600	26752	-1264	3187
3688	24968	-4408	2819
8952	27352	-8416	2196
13888	15656	-8184	188
24640	22128	-3328	-272
23888	17616	-7896	673
9536	17544	-11368	807
3552	13456	-8168	1074
184	8168	-4848	1110
4880	8928	-4040	790
8592	9624	-6144	478
8800	10064	-6304	420
5600	10288	-5104	324
4968	8352	-3736	-29
6112	7472	-3576	-372
5840	6264	-5296	-785
5128	7032	-8024	-1286
4312	6304	-8848	-1549
2408	5792	-9352	-1695
1496	5520	-9424	-1772
2304	7272	-10072	-1782
3960	8512	-10696	-1999
4912	8856	-11256	-2306
3656	8176	-10736	-2742
3592	8216	-10144	-3044
3904	7880	-9392	-3290
3360	7688	-7160	-3409
2752	8568	-7344	-3567
1712	9880	-6088	-3544
2144	12488	-5128	-3520
3304	14304	-6048	-3589
4280	17592	-6992	-3507
4560	19496	-7592	-3501
4016	21056	-7640	-3628
4144	21168	-7072	-3665
5272	21488	-6864	-3736
2128	21384	-3064	-3810
16	21376	-2536	-3725
-1408	22480	-2592	-3699
-1752	22904	-1312	-3554
2864	22032	-1992	-3340
5704	21856	-1216	-2936
6472	21656	-2784	-2705
6656	21216	-1744	-2511
-56	14384	3248	-1957
-2480	9440	2096	-1450
1992	9120	2552	-1114
5776	11352	-328	194
7744	11144	-4704	539
10208	14000	-6432	1065
9424	14552	-4944	1394
2896	13984	-5144	1412
-10768	19336	5840	1512
-17176	21760	11224	1584
-14296	22448	7352	819
-9000	25280	960	450
-9640	26592	-3000	859
-10112	25520	-3864	675
-2288	18912	-1240	820
15312	18784	-2672	1247
12496	17376	-2840	981
-2008	15848	-4080	1231
-6544	18568	-2544	1459
992	16320	-3840	1073
1368	17256	-6248	765
6040	17584	-4520	869
8104	17960	144	935
1136	16600	-792	654
-496	16616	264	637
1120	17072	-1160	813
3896	18016	-2704	755
3984	17360	-2864	466
1968	16768	-2520	359
792	16928	-1912	362
768	17360	-1112	345
1560	16960	-1112	278
1616	16224	-24	278
904	16680	248	354
600	16824	984	381
432	17128	1424	384
360	17544	864	351
1624	16504	936	317
1128	16736	816	399
896	16592	1560	456
808	16304	1288	505
776	16416	1256	512
1200	16576	1224	512
1704	16344	1144	540
2008	16944	-432	585
2256	16896	-1152	599
2616	16944	-1448	626
3152	17200	-1928	617
3512	17112	-2024	637
3376	16880	-1760	651
3128	17056	-1888	649
3008	17336	-1784	650
2936	17128	-1968	632
3040	16968	-1760	611
2904	16728	-2096	599
2752	16736	-2280	584
2552	16648	-2248	573
2328	16568	-1856	593
2392	16328	-2456	603
2768	16608	-2640	625
2832	16416	-1600	645
3592	16760	-1128	654
3576	16896	8	655
3280	16816	-8	711
2016	17288	-64	899
1488	17504	376	908
1632	18432	664	919
1408	18920	976	961
304	19936	792	961
-896	20176	600	931
-1904	16656	704	893
-2040	15328	576	1102
-2928	16616	680	1345
-3544	18312	616	1555
-4560	21992	1432	1840
-6200	25448	1408	2045
-9512	28112	944	2225
-13776	29848	-1536	2392
-11608	28288	2016	2361
-2456	22192	-4736	2214
7424	21136	-9368	1868
11384	22592	-13856	1591
11744	20272	-10312	906
13904	16888	-5344	335
16720	14568	-4536	1264
7744	12576	-7488	1546
5408	12152	-5712	1718
6928	10128	-2728	1600
6864	8504	-1984	1127
8384	9912	-3496	658
7880	10040	-6248	341
5400	9496	-5080	338
3376	7848	-4472	334
3928	6696	-3504	266
5512	6552	-3440	193
7240	7272	-4984	-190
7040	7184	-6088	-541
5888	8328	-7592	-861
5080	8552	-7136	-1085
4712	8232	-8976	-1193
4776	9008	-9728	-1213
5424	9472	-10056	-1370
6184	10400	-10424	-1943
6720	10160	-9920	-2263
7112	9656	-8688	-2321
6976	9832	-6400	-2359
4400	9968	-4304	-2481
2832	11104	-3760	-2633
1936	12208	-4592	-2725
2040	15208	-6184	-2709
3048	16088	-7760	-2680
4768	17488	-9088	-2677
6320	18016	-9232	-2579
7864	18352	-7776	-2398
7720	19096	-6680	-2349
4968	19936	-6328	-2442
1264	19720	-7880	-2909
632	18944	-7496	-2943
416	18912	-5368	-2692
2264	18008	-3120	-2444
1904	18000	-2608	-2250
1552	20048	-2760	-2153
1480	20816	-2880	-1914
1208	20296	-1800	-1590
1288	19688	-1656	-1390
2072	17992	-976	-1329
-792	14648	448	-1159
-808	13352	320	-996
488	12056	-120	-667
3952	13440	-4744	-370
21832	21328	-31944	-407
32767	14688	-2232	-856
30920	15840	13352	2672
-728	23224	20904	3945
3760	23272	6904	186
-10368	25544	-5384	-301
-18680	27224	-18320	-61
-9392	21624	-19112	-139
1784	14432	-17192	-130
3832	11728	-4368	357
3784	17840	11320	972
2080	15120	-2392	-637
9320	15888	200	-24
9680	18448	528	208
4312	18496	-592	-127
-3152	16368	-2648	-155
-6352	16152	-4552	-154
-5600	17288	-4392	-76
-280	17880	-352	74
1608	16672	-832	-92
1960	15784	-1200	-166
2304	15800	-1072	-69
600	16152	-2648	-94
296	16472	-3928	-186
352	17320	-3696	-279
248	17456	-2464	-312
392	16968	-1800	-326
1088	17048	-2472	-404
584	16296	-2608	-322
176	16704	-1648	-179
784	17216	-456	-310
1640	17096	-1096	-437
1696	16832	-1448	-444
1080	16440	-1056	-414
1088	16608	-864	-454
848	17088	-336	-431
256	16936	-16	-404
144	16488	584	-386
-952	15992	-816	-365
-1112	15592	792	-378
-1032	16104	2120	-292
-688	16192	3464	-244
-608	16016	4104	-236
-504	15856	2920	-225
-760	16376	2312	-86
-920	16912	1760	-34
96	16704	1032	-73
520	16832	1016	-58
-344	16488	336	-32
-120	16112	168	-38
752	15984	264	-13
816	16848	1016	28
112	17032	1488	32
376	16616	1192	33
768	16456	1272	67
416	16864	752	100
96	16816	24	115
344	16880	-256	133
40	16680	-592	135
360	16224	-784	114
1024	16616	192	137
512	16872	432	146
872	17016	-144	125
208	16904	-736	101
464	16648	-768	76
752	16512	-552	83
984	16304	-16	106
888	16568	320	129
680	16872	-192	143
768	16624	-80	138
72	16256	824	130
-1824	16512	1352	163
-1104	16656	1520	209
728	17064	2376	312
512	16424	2936	302
800	17448	3184	396
576	17520	3184	416
-368	16760	2488	435
-1176	16944	1880	551
-792	16744	2192	705
-1384	16856	2272	783
-1744	16792	2936	871
-1536	17296	2504	983
-1288	17568	1784	1077
-784	17168	-552	1144
-3080	17344	-3592	1254
-4056	18008	-4448	1271
-3200	20208	-3208	1555
-1992	19296	-624	1760
-2320	18600	-3456	1476
-952	18080	-4056	1505
656	18640	-3968	1655
1936	18592	-3480	1734
2736	17512	-2624	1743
3264	17104	-2976	1721
4224	17672	-3032	1735
4304	17672	-4080	1692
4256	17704	-4480	1657
4936	18904	-4104	1693
5080	18280	-4632	1626
6400	18952	-4712	1610
6392	17816	-5920	1651
7496	17176	-5080	1647
10000	17792	-3120	1834
8576	16112	-1464	1928
5848	17088	-752	1639
3152	16000	-608	878
2480	15640	-1096	505
2336	14600	-1064	342
1616	14080	-1392	334
1688	14240	-792	442
2104	14472	-296	490
2280	14576	-184	403
2640	14616	-872	278
2120	12664	-2024	7
2248	13304	-3072	-52
3224	12992	-3072	-150
3432	13464	-3512	-336
3936	13648	-4432	-555
3760	13984	-4880	-770
3408	14208	-4752	-930
3808	14680	-4888	-1229
3928	14712	-5120	-1405
3608	15120	-5208	-1640
3688	15240	-5000	-1757
3584	15640	-4280	-1821
4016	15992	-3960	-1884
3784	17000	-3832	-1986
2776	17160	-3840	-2112
2416	17368	-3568	-2184
1376	18192	-3808	-2314
1032	18544	-3928	-2376
1496	19856	-3248	-2333
2912	19328	-1688	-2453
2504	18712	-2336	-2615
1368	18728	-2664	-2651
400	18744	-2536	-2565
352	18984	-2728	-2505
-280	18952	-3064	-2541
216	18456	-3128	-2540
1352	18104	-2688	-2516
1560	17376	-2440	-2477
1216	17032	-1208	-2356
-16	16952	-720	-2270
-704	16688	-808	-2145
96	16672	-872	-2002
1592	16568	-504	-1657
1656	15800	-1152	-1487
1288	14400	-656	-1363
576	13624	-512	-1144
-248	12616	232	-822
872	12200	-576	-550
3144	12192	-1888	-237
3960	12264	-2896	23
3288	12608	-3904	364
2984	12400	-4264	565
3032	13976	-5104	700
1264	11528	-7024	867
-4992	13224	-3440	837
-13648	16560	7640	1131
-24144	26600	10048	882
-17112	30800	2264	521
-13296	29640	-2336	650
-2096	24984	-7152	1001
10192	16600	-11096	1125
20912	11200	5264	1035
10824	13392	5856	1747
4560	16584	-1184	1109
3480	17744	-880	1023
-3176	18664	-2512	663
-2712	17936	-4496	510
1648	16568	-3688	590
1256	18016	-1440	621
-872	16760	344	611
-264	16408	-712	521
2960	16856	-200	574
4776	17144	520	620
2808	16792	568	463
1696	16328	304	337
3192	15856	-216	289
3016	15624	-336	329
1600	15568	160	361
-272	16256	304	421
696	16232	368	474
2672	16000	2160	552
3616	15264	3424	532
1016	14528	2264	329
-5904	18952	-1984	425
-6864	19760	-4088	528
-96	17816	-3128	724
2576	17880	-720	717
120	17872	-576	599
800	17536	-352	569
2600	17400	-1616	636
2992	17728	-3048	639
2800	18272	-3768	580
3640	18480	-2840	557
3760	17688	-1152	534
3192	18152	-848	551
2560	18208	-1760	528
1600	18288	-2320	481
1488	17480	-1400	485
1480	16912	-2096	501
1128	16040	-1264	542
1216	15064	-1896	788
1160	15408	-1808	819
1168	16768	-1080	913
1568	17928	-800	953
2032	18536	32	964
2488	18896	-16	985
1936	18160	-360	997
1176	18064	-432	1027
1128	17536	-1024	1079
816	18488	536	1103
1584	18112	424	1234
-304	18536	816	1352
-2152	18720	1000	1313
-2336	17272	1040	1269
-2880	17056	1800	1420
-1592	20024	2672	1725
-1200	23648	2248	1991
-2656	25456	3440	1991
-4400	26000	2776	2018
-4160	27688	2584	2242
-1992	27256	1680	2406
592	26888	400	2707
3312	25984	1088	2793
3320	27352	1232	2731
2936	23376	-1160	2081
4672	20096	-5288	839
7752	16936	-6160	115
13328	18864	-7608	-92
13112	14040	-8080	1090
7984	12952	-5272	1749
5816	13224	-3896	1419
5776	12512	-9240	610
5744	10984	-8104	428
4280	9672	-6752	352
4904	7528	-5096	236
7160	7032	-5264	-404
7824	6920	-6240	-881
7128	5952	-8288	-1381
6184	5808	-8976	-1622
5560	5824	-9032	-1709
4552	6256	-11400	-1810
4904	6040	-10656	-2130
5536	6416	-9992	-2603
5328	5896	-9360	-2877
4528	5392	-8984	-3017
3304	5304	-6744	-3172
2728	6136	-5904	-3423
2776	6992	-4584	-3538
3040	8296	-3880	-3669
3024	11120	-5144	-3899
4360	13296	-6912	-4001
3672	18104	-8968	-4012
4176	19912	-9680	-3857
5440	20056	-7232	-3709
5440	19792	-6112	-3923
4144	20656	-4832	-4431
1640	22232	-6288	-4414
-80	25384	-8008	-4262
-1144	27024	-6792	-3956
4424	25856	1456	-3130
5840	25784	3024	-3063
6328	25768	-496	-3009
3088	17696	-2064	-2561
5672	4784	904	-697
9592	11416	-3960	793
10384	14144	-7376	1413
10688	13424	-9424	1651
-5808	18688	-2240	1682
-17888	23256	7608	2285
-12416	27880	11432	1282
-2840	30056	-4624	951
-2688	28672	-7088	717
1568	16728	-7472	1054
8104	14872	-5128	1169
9912	15776	-968	1367
2424	15712	-680	1333
496	18184	-3392	1146
1280	17464	-2304	961
1024	16848	-1656	962
4400	16664	-2984	641
2360	17032	-2176	603
-1328	16960	-1704	605
240	17544	-1688	589
1000	17384	-2288	398
760	17280	-2360	385
1960	17528	-736	455
2432	17064	-160	466
2136	16744	8	494
1616	16736	-56	481
2544	17072	-592	506
2712	17248	-72	621
1496	17408	-200	491
576	17000	-776	451
1408	16720	-1408	505
2864	17376	-872	550
2768	16952	-88	573
1600	17936	280	544
1488	17032	-1008	577
2392	17272	-600	608
2032	16544	-656	628
1616	17048	-1032	623
1744	16608	-1952	665
1784	16904	-1224	734
2432	17024	-1296	755
2424	16936	-1120	771
1424	17480	-1792	794
1760	17576	-1544	861
1136	17864	-1408	923
696	18048	-1416	1005
576	17592	-872	1056
1288	17384	-264	1175
1504	18752	456	1247
1440	19704	1432	1267
472	23488	4336	1331
120	25816	5760	1272
-536	23976	6360	1226
-4440	15776	9272	1312
-8320	17456	7424	1743
-13696	30568	4960	2469
-13856	29408	2520	2661
-6760	29544	1776	3089
6424	28688	-4920	3068
7632	26824	-6016	3059
6376	20072	-1440	2035
7648	18352	-6440	1255
2720	13480	-11072	154
-400	10608	-9392	581
3144	12160	-9336	702
4592	11872	-8536	649
3800	9744	-6024	592
4960	8376	-3720	298
6552	7024	-5944	-841
7064	7176	-8584	-1541
6864	6440	-12168	-1826
3984	6152	-11888	-1513
5720	6456	-10560	-1568
5776	5968	-9568	-2429
4600	5432	-9736	-2958
2584	5336	-8744	-3280
1632	5296	-7152	-3508
1864	5400	-6792	-3531
3400	6240	-5416	-3464
3968	6984	-4992	-3566
3624	9832	-5936	-3754
4552	12080	-7032	-3968
6088	13352	-8160	-3995
5672	17488	-8736	-3949
6136	17848	-6592	-4037
4496	18712	-5968	-4340
1704	19976	-6592	-4575
1296	23120	-6592	-4435
2272	25344	-3592	-3972
4168	25544	-32	-3555
3392	27192	728	-2947
2152	29016	2168	-2869
-128	8680	5456	-2174
6216	2448	2216	-1068
14952	7720	-5752	818
17144	12632	-9208	1835
3928	15608	-7520	2172
-10504	20192	2088	2296
-25808	26944	15800	3098
-6640	28824	2136	1329
-1688	32767	-1656	909
928	30464	-9408	1037
2080	20024	-12792	-48
7488	10544	-6464	266
11936	11368	-2536	1977
6672	16928	-2816	2158
5136	17824	-5456	1682
7472	19560	-1640	1739
3360	19184	-2312	1272
944	17944	-4344	528
1376	17576	-4400	570
2632	17704	-5024	592
4704	17408	-3056	552
4128	16912	-1704	479
2376	16688	-1376	369
1424	17408	-1120	187
2728	17032	-408	121
3512	17080	-128	225
2000	17200	-312	254
-88	17792	-928	339
-696	17976	-1264	356
352	18360	-976	391
952	16856	-224	430
888	17056	-432	401
2080	17600	-328	312
2080	17392	152	326
1576	17408	696	214
2672	15632	-1960	359
1752	15632	-1024	564
576	16024	-584	727
1072	17984	-432	663
1384	18304	-576	630
728	17512	-248	674
1048	16568	408	759
1504	16560	976	877
928	17384	808	994
1312	17216	-1048	1002
1904	18312	-1824	1095
2640	19120	-1608	1161
1480	20088	-344	1133
920	20576	840	1103
520	21800	2416	1147
-696	22752	3992	1176
-1144	18120	3592	1162
-3080	13760	4608	1331
-5184	18072	4528	1912
-7408	26976	4856	2344
-10840	32024	4272	2687
-10920	32767	3728	2915
496	29592	-440	2858
10056	27152	-4184	2476
7912	22040	-2688	1852
5360	14968	-5872	1147
10376	12608	-10296	264
24656	17920	-6784	104
4096	14280	-8992	839
112	11088	-6552	874
4928	13008	-9384	393
5480	11984	-10560	229
3200	8576	-8504	349
3720	7640	-4768	277
5328	6672	-5056	-358
6160	6488	-9056	-1545
5920	6848	-12272	-1995
2688	6608	-13768	-1751
2704	6656	-12424	-1588
5000	6800	-9680	-1910
3184	6728	-9216	-2635
2384	6560	-9832	-2953
1584	6840	-8040	-2886
1512	7760	-6280	-2961
3120	8568	-6448	-3288
4816	9272	-8048	-3545
5520	9600	-9064	-3473
6064	11624	-8792	-3473
5328	12408	-9280	-3661
6008	13784	-9016	-3808
4640	16872	-8192	-3675
1984	17760	-6240	-3781
2832	17152	-4096	-3816
2904	18752	-2800	-3900
2656	19880	-3496	-3869
1544	20680	-5064	-3608
1920	19768	-2352	-3164
1744	19648	-328	-2892
1408	20976	-1184	-2815
-3264	23248	368	-2181
9136	11592	-2512	396
10168	10792	-6776	970
7456	15496	-7192	1701
-5600	19480	1672	2258
-25048	23064	21976	2859
-4808	28208	3560	1017
-5424	28376	-1320	1280
-504	25680	-5000	1321
448	15584	-7016	959
7632	10704	-1360	1336
18136	16456	2488	1915
7000	18096	-2472	1172
-6888	19664	-6112	841
-4232	20816	-5056	1121
1968	17048	-4224	1046
4424	16208	-5656	853
4160	16688	-2888	803
1768	16528	120	856
-984	17320	-1104	746
4568	18088	-2760	568
4976	18456	-2608	493
1488	17648	-1544	397
-120	17560	-2152	393
1336	17240	-1408	415
2960	17368	-1792	427
1776	17080	-1536	391
736	17072	-1144	364
1440	17248	-1280	346
1872	17328	-1360	328
2064	16264	-1424	325
1608	16856	-1440	381
1920	17152	-952	388
1568	17152	-504	388
1688	17104	-784	316
1976	17328	-720	301
2320	17248	-408	375
2216	17408	-176	418
2400	17312	-408	427
2192	16632	-584	426
2248	16752	-768	476
2304	16216	-1000	532
1904	17280	-1064	571
1744	16560	-1456	605
2560	16856	-1072	658
1992	17064	-880	658
1464	16824	-968	623
2016	16696	-1112	694
1728	16264	-1320	809
1064	15872	-552	854
1152	16416	-112	916
1816	16592	-664	973
2856	17648	144	1028
2288	18000	248	1045
1304	19104	712	1082
1576	20056	1152	1115
1080	19312	1776	1093
-680	16264	896	1071
-3024	15928	-1024	1111
-3736	18360	-1104	1325
-5256	23512	-456	1815
-7200	26888	-2056	1929
-10408	28424	-5400	1864
-4800	24568	-7440	1607
16	21536	-8456	1586
5408	20312	-7064	1871
8472	19816	-8016	1816
11800	17600	-8496	1003
12016	16784	-8136	767
13920	14168	584	1137
13224	14272	848	1453
2744	10744	-5064	500
4312	9984	-7648	412
6192	10032	-7896	650
3984	10384	-5992	914
3648	8056	-4440	827
5880	5824	-4200	415
6568	4664	-6352	-104
6032	5368	-8040	-550
4504	6440	-8472	-838
1800	6096	-9736	-993
1144	6192	-8904	-971
2168	6992	-8960	-1083
3176	8072	-9536	-1384
5416	8920	-9336	-2109
4368	8448	-8496	-2307
3200	8912	-7144	-2608
3232	10824	-6632	-2796
4464	13384	-8072	-2975
4000	15360	-9408	-2914
3704	16328	-9040	-2729
6504	18048	-9216	-2363
7808	19792	-9864	-2140
4360	18872	-9688	-2241
2080	19168	-9176	-2516
1504	19104	-6752	-2264
1784	18672	-4176	-1895
2408	19240	-3832	-1807
1936	19712	-4920	-1662
2656	19600	-3856	-1515
1520	18504	-3128	-1318
904	18288	-2664	-1255
648	18408	-2704	-1197
208	17280	-3216	-1191
712	16632	-3840	-1147
1440	16560	-3728	-941
2072	16232	-3632	-876
1976	15896	-3176	-823
1184	15464	-4288	-737
1480	15360	-4312	-649
1472	15456	-3032	-466
1296	15040	-1768	-358
1744	14776	-2424	-316
2184	14856	-2728	-259
2336	15264	-1392	-12
1336	14800	-1488	73
624	13872	-4040	32
-48	13208	-5408	8
4144	15992	-7448	185
2848	16128	-6544	61
1256	16728	-408	407
2616	19448	6488	1068
9488	20136	1064	6
208	19696	-6584	-491
-4288	20656	-11608	-239
2248	22408	-11752	40
-13136	16888	-4800	-706
-2592	16304	-3352	-390
11496	16624	-1568	-202
8800	16680	-648	-150
-1144	16616	-1280	-499
-5832	16856	-2504	-414
-4096	16288	-3104	-422
808	16304	-528	-232
-376	16384	-976	-290
-1216	16400	728	-220
-856	16272	480	-180
136	16176	24	-251
600	16184	-1056	-281
448	16440	-1776	-230
296	16848	-552	-189
1360	16472	-704	-189
1208	16400	-768	-188
-584	16376	-1864	-186
-672	16672	-1592	-170
160	16760	-832	-155
464	16944	-200	-81
496	16720	-768	-47
752	16512	-816	-16
520	16696	-864	-33
920	16824	-1096	-60
1280	17080	-1472	-50
1224	16664	-1992	-84
1272	16888	-1392	-6
1584	17008	-1320	-48
664	16408	-888	-90
-176	16400	-1640	-121
8	16472	-1280	-91
976	17320	-1248	-92
576	16512	-432	-114
-168	16264	-184	-60
112	16408	-552	-13
216	16672	-496	13
200	16736	-432	15
600	16488	144	16
280	16392	312	41
-216	16184	-296	66
536	16488	-664	90
-232	16328	-816	111
96	16472	-1016	166
768	16496	-296	185
200	16736	-672	168
-184	16560	-1192	178
72	16472	-1768	203
576	16696	-1368	226
176	16504	-1024	228
144	16240	-808	247
336	16528	-296	256
248	16704	-912	278
24	16696	-680	305
160	16384	-1200	336
144	16432	-608	362
336	16584	-8	418
144	16584	480	457
-496	16392	192	491
-136	16712	280	548
-56	16576	0	589
-600	17168	-784	656
-1656	17760	-1576	699
-1944	17688	-2408	737
-2136	17288	-2416	799
-1560	17200	-2984	856
-1896	18800	-2592	956
-1840	19664	-1496	1026
-1600	19312	-1168	1052
-1992	19280	-1448	1081
-1688	18640	-2688	1157
-1632	18424	-2248	1193
-1928	17352	-2944	1272
-2608	16576	-2208	1332
-3136	15824	-3680	1321
-664	16184	-5032	1433
2064	16720	-5672	1604
1648	17352	-6312	1817
2160	18000	-6712	1909
4016	18344	-5440	1891
5720	18264	-6384	1902
7032	19744	-6992	1933
8288	18656	-5784	1688
4064	16040	-2704	1404
4376	16000	-2648	1313
4040	16040	-2056	1162
3784	15296	-3256	1016
3176	15168	-3680	932
3264	15456	-4048	897
4320	15112	-3000	864
5112	14688	-2912	735
5408	13984	-3024	510
4736	13688	-3600	254
4648	13712	-3832	64
4576	13488	-4392	-166
5040	13432	-4800	-296
5272	13984	-4904	-451
4576	14192	-4448	-526
5792	14712	-3424	-638
6480	15088	-3768	-797
6416	15296	-4576	-1060
5800	15256	-4808	-1283
5776	15504	-4264	-1402
5688	15384	-4392	-1605
5696	15136	-4520	-1835
5424	15296	-5040	-1925
4640	15168	-4704	-2036
4464	14976	-4432	-2150
4760	14944	-4360	-2237
4120	15544	-4832	-2357
3008	15552	-4880	-2388
3048	16016	-4368	-2379
2272	16872	-4344	-2410
1992	18200	-4208	-2456
2616	19552	-4408	-2659
3080	18712	-3944	-2807
3136	18032	-4248	-2959
2184	17896	-4192	-2840
1440	17584	-3776	-2800
1216	17768	-4880	-2757
1584	17224	-4832	-2689
728	16920	-4736	-2555
504	17568	-4560	-2497
-536	17232	-2160	-2317
-592	16968	-448	-2154
-976	14592	400	-1368
1048	14464	1096	-905
3664	13304	1080	-537
4400	12928	-328	131
2456	13512	-1872	609
1544	14744	-3024	787
2520	14584	-2672	1136
-4232	15672	3288	1312
-10360	17568	8592	1274
-8496	19616	4192	705
-9312	19992	-560	591
-10680	21320	-952	571
-10144	23544	-3544	557
-5912	19296	-2088	738
6072	17960	1952	1369
18848	18176	368	1397
14352	15184	-128	900
-6536	15936	-720	897
-6560	20440	-3288	857
-2608	19048	-4880	596
3256	16712	-7376	533
8000	16960	-6408	686
4848	17560	-544	851
-1248	16656	2808	580
1016	16720	1232	258
2656	16672	-528	288
2432	15888	-728	415
1896	16848	160	446
1376	17064	1760	356
-2616	16984	920	308
-4272	17680	-1672	275
-984	16872	-1304	415
2536	17488	168	500
944	17232	1152	480
240	16720	528	415
2336	16992	-1024	547
2896	16984	-760	633
2248	16880	-1384	614
1024	16696	-2376	518
2200	17544	-1384	533
2760	17704	-768	509
2504	16240	-1384	449
1920	17376	-1464	523
2144	17640	-1544	538
2384	17904	-1792	592
2152	17464	-2200	524
2296	17120	-1872	526
2144	16472	-2144	521
2448	16064	-2552	498
3016	16184	-2864	518
2536	16632	-2552	537
2296	16840	-1920	583
2848	16672	-1728	654
2872	16464	-2056	707
2296	16816	-2400	692
1720	16816	-2448	700
1592	16848	-1464	741
1832	17376	-1008	835
2768	17376	184	931
3136	18616	1264	913
2392	19248	552	881
1288	19584	-280	842
1400	18312	-400	894
736	17368	-232	936
-552	14968	-208	1028
-2128	16664	648	1436
-3416	18992	1096	1688
-5272	22360	1528	1915
-6976	27256	2376	2071
-7512	31248	1512	2304
-6952	31912	-680	2386
-2824	29080	-1232	2203
5008	26304	-3064	2399
7632	21088	-2360	2099
9976	16384	-7216	813
13520	19392	-7672	45
18800	17000	-4112	728
2328	13648	-5216	888
1752	12472	-4752	606
7320	11792	-7520	230
6480	10784	-7984	315
5560	9848	-6712	476
5432	8520	-3728	179
5320	7400	-4368	-393
3584	6336	-8544	-1370
3968	6256	-7728	-1169
4456	7088	-8848	-1428
5528	7936	-9040	-1914
5632	8272	-10600	-2679
5264	7800	-10648	-3030
4416	6848	-9384	-3121
4880	6832	-6720	-3201
5568	7968	-4496	-3351
4496	9808	-4264	-3456
2688	12688	-4024	-3558
3664	13688	-5600	-3737
5056	16408	-6984	-3923
4184	18280	-7904	-3978
4488	19272	-5208	-3812
5256	19840	-4152	-3946
4464	20176	-4432	-4080
2320	22720	-3384	-3956
568	23976	-2384	-3786
1472	23344	-3032	-3580
4080	22528	-3104	-3299
5480	22400	-1240	-2863
4480	22992	-1312	-2628
-104	14648	1232	-1988
32	8824	1280	-1295
4256	9064	104	-382
9864	11464	-4600	712
11552	12920	-6184	979
8064	13552	-7712	1498
-392	17232	-4872	1646
-12224	20104	2984	2050
-24544	28736	14472	2402
-4272	29808	1816	1082
-4440	28280	-2800	764
-3264	28592	-9712	603
3888	13320	-6864	767
8568	12536	-672	1128
9192	13840	-120	1577
4784	17816	-5832	1198
3728	17352	-6592	1069
2528	18352	-4352	1330
1256	18424	-2440	899
1104	17008	-3144	714
3032	17312	-2152	797
3344	17792	-1264	745
2760	17640	-768	641
1176	17104	-1192	482
960	17752	-992	410
2080	17624	-1168	430
3800	16864	-616	449
3312	16792	-448	487
2200	17360	272	613
768	17448	-464	520
864	16952	-1352	462
1512	16432	-2104	455
2408	16824	-1264	504
2296	16416	-600	603
2800	16984	-304	578
3120	16760	-680	544
3224	16624	-72	516
2728	16608	-704	543
2712	15936	-1496	585
1760	15632	-1104	674
2080	17088	-1072	629
2736	16704	-1440	604
3152	16280	-1680	599
2768	16344	-1616	647
3048	16648	-1664	725
2296	17752	-1544	820
1944	18336	-1896	862
1752	18280	-2376	885
2024	17760	-2392	887
2224	18376	-1400	957
2032	18336	440	997
1824	18896	1480	1027
1440	21000	2856	1128
64	23616	3624	1171
-1008	22200	4448	1108
-4648	18264	4400	1130
-7832	20184	3728	1665
-8392	26224	3608	2218
-11816	30832	3176	2658
-15376	30864	2784	2735
1104	24912	-1496	2403
9248	27096	-5992	2268
8064	22672	-3496	1997
11040	16472	-6640	1176
15648	19176	-4960	-129
21256	19336	-3808	382
3880	14960	-8992	594
2480	11600	-6256	1012
5480	11568	-6720	651
5112	10408	-7240	143
4376	8152	-6544	331
4824	7384	-5088	334
7592	7568	-5024	-295
7304	7968	-8296	-1329
5528	6832	-9936	-1750
2464	6768	-11552	-1651
200	6288	-11600	-1442
2576	7416	-9912	-1629
4968	7824	-8872	-2406
4832	6808	-9712	-2923
2896	6256	-9616	-2884
3080	6640	-7728	-2892
3848	7216	-5872	-3098
3680	7904	-4952	-3352
3536	9776	-6328	-3693
4184	12072	-6328	-3749
4272	13520	-6928	-3839
5064	15160	-10400	-4097
6216	17528	-8760	-3807
7152	18568	-5816	-3638
7128	18696	-4224	-3853
3896	20800	-3248	-4382
296	22616	-3056	-4303
584	24440	-3048	-3971
2168	23832	-1528	-3593
2328	23776	-632	-3285
2560	25392	-720	-3085
-112	24456	496	-2596
-1280	7496	4352	-1846
3736	6920	864	-913
7856	10536	-6088	481
576	17184	-2352	2226
-9152	20048	5472	2386
-17544	22088	12216	2032
-15032	22736	3104	836
-6784	24904	1288	961
-472	25304	-2904	1089
-1208	28872	-7152	782
2904	15032	-4760	1266
11208	14504	704	1946
8880	13392	1136	1537
-3744	14872	-2856	1104
-4952	18984	-3104	1182
-928	18176	-4728	906
2680	17120	-5896	900
9120	16280	-5384	1000
9336	17816	-3688	990
1712	17104	-1392	963
1912	17008	240	723
4136	17456	-1072	568
3672	17112	-3272	397
2392	17544	-3280	367
488	17656	-1840	398
-840	17848	-1952	442
152	17392	-1320	324
952	17216	-2360	291
2080	17424	-1480	356
2048	17056	-1224	344
1784	16600	-1424	350
1504	17128	-360	463
1184	18560	336	451
1520	17888	-112	406
1856	16296	-528	527
1736	17080	-400	527
1880	18200	-400	511
1848	17336	472	352
1552	17464	-144	317
1936	16080	-1184	391
1880	15928	-1064	524
1920	16520	-1480	576
2496	16600	-1184	657
2304	17264	-360	712
2136	17040	-880	691
1976	17552	-672	754
1752	17584	-632	799
1216	17792	-792	820
1288	17744	-640	873
1568	17600	-104	956
2024	17720	112	1019
1888	17840	1072	1087
2056	19152	2208	1197
1600	20968	2344	1210
536	20304	1432	1109
-1336	17064	616	1088
-3856	15848	-304	1184
-7632	19552	-32	1575
-10376	21752	-232	1826
-13352	26344	1408	2270
-11656	27560	1480	3075
-5264	28736	680	3209
6552	31184	-1472	3015
10688	28512	-3808	2466
12104	23152	-3400	1895
12016	18520	-6520	697
16056	18576	-3808	-5
21320	17688	672	579
3888	15328	-7200	457
984	10568	-6552	557
9216	10640	-7992	617
9304	10616	-7064	890
8080	9584	-5600	909
7312	8480	-3736	470
7944	7728	-3472	-70
7048	6528	-5992	-970
5536	5416	-7992	-1509
2672	5328	-10056	-1474
2136	5000	-9576	-1325
3048	6648	-10168	-1309
4840	7408	-10152	-1564
5000	6912	-9248	-2239
4656	6856	-9512	-2809
4392	6896	-8680	-2980
3432	6240	-8088	-3210
2992	6432	-7720	-3410
3480	7584	-6520	-3617
2608	10232	-6568	-3557
3576	13472	-6232	-3514
3840	15256	-6112	-3662
3744	16552	-8488	-4028
5296	20584	-8032	-4087
5416	21240	-5728	-3748
2864	21752	-3872	-3925
-1632	20864	-4448	-4049
-1288	21352	-3352	-3954
1600	22360	-3768	-3596
2960	22896	-2872	-3281
64	18928	224	-1982
-1176	9848	776	-1309
6064	9224	-760	-213
10096	10936	-4104	820
6752	15744	-4632	1564
-1928	16784	2240	2012
-9800	18752	13432	2472
-10584	22744	9856	957
-7152	23056	2360	804
-5600	24440	384	802
-9376	27208	-6440	341
-10112	15584	-5296	505
11488	15784	4712	1871
18688	15552	1752	1478
-3176	16288	-5144	852
-4480	17864	-5744	1206
-1136	17672	-6008	992
4096	17528	-7432	1038
8160	16464	-3688	1069
3296	16952	-1792	928
144	17456	-1648	622
768	18376	-1112	496
3480	17416	-2648	368
4800	16944	-2512	371
3752	16776	-2056	435
-80	17200	-600	397
1088	16648	-400	276
2360	16000	-1512	239
1320	16432	-400	368
-96	16912	-40	438
648	17032	-720	434
1152	17560	-656	415
1760	16784	-728	422
1816	16896	-1064	445
1648	16936	-264	472
1848	16280	-656	433
2104	15336	-624	438
1744	16448	-304	445
2016	16680	-560	514
2456	17112	-672	585
2160	17400	-1384	653
1616	17320	-1776	672
2216	17560	-1704	737
2176	17712	-720	760
1784	17384	-1264	734
2704	17016	-1104	775
3024	17528	-1160	872
2296	18616	-1384	930
1072	18816	-592	983
-56	19360	-48	1080
-1896	19408	-64	1164
-2640	19464	648	1349
-2040	20632	1264	1567
-4752	23600	1200	1815
-10696	30680	976	2023
-11056	29760	2832	2469
-1824	26048	64	2528
8920	23216	-6824	1985
9360	19528	-7240	1164
11320	14184	-6240	754
12608	15056	-7808	175
13896	13576	-6080	671
4536	10840	-8592	680
2112	7640	-5816	900
5800	9264	-6168	816
5264	7808	-5680	702
5472	6392	-4000	330
5768	5704	-6640	-386
5208	5248	-8768	-801
3096	4632	-10272	-848
3272	6016	-10168	-904
4968	7616	-9464	-1081
3360	7832	-8040	-1817
3336	8488	-7464	-1872
3856	10224	-6544	-1927
3368	12088	-7576	-2143
3664	13736	-8376	-2249
4568	14680	-8888	-2186
6200	14848	-9296	-2038
7024	15368	-9824	-1989
6096	17128	-10144	-1986
1416	17120	-9936	-2089
1136	17816	-9024	-2051
3336	17728	-7200	-1902
3112	17192	-6168	-1810
1712	17440	-6936	-1735
680	18080	-5992	-1425
1432	17616	-3272	-1156
936	17848	-3296	-1166
1752	17536	-4176	-1121
4952	16504	-3112	-875
5240	16832	-3992	-607
1848	17216	-1872	-489
1016	16440	-632	-342
928	16632	-80	-359
120	16616	-744	-273
-784	15176	-5768	-308
2904	16120	-11256	-333
10264	15848	-6976	95
7888	16920	3264	882
3888	18272	1456	241
3480	22992	-7296	-501
808	24392	-6688	-136
-2944	20528	-5656	-259
-7784	18648	-6880	-637
-4984	16000	-3656	-522
2760	16184	-3040	-545
5384	16936	-360	-430
632	16088	-912	-547
-2776	15776	-1608	-633
-3392	16664	-1640	-626
-3200	16616	-1368	-591
-1616	16272	-336	-502
-720	16848	760	-552
-1968	16552	-72	-535
-272	17032	288	-412
-336	16656	552	-343
-456	16032	-128	-370
-632	16440	704	-167
-392	16832	512	-210
-576	16800	456	-288
32	16552	376	-257
232	16568	672	-241
336	16672	288	-214
80	16776	536	-166
376	16672	760	-160
264	16592	912	-154
-168	16744	1568	-116
-120	16504	1352	-94
-496	16352	912	-25
632	16632	552	8
928	16904	488	21
-232	16728	328	-40
-392	16368	104	-58
800	16744	456	-11
288	16864	536	9
-328	16456	376	9
-456	16368	824	-2
1168	16760	568	-75
648	16400	256	-70
-64	16728	512	-27
-120	16544	584	9
88	16568	624	33
-224	16704	576	64
-536	16568	744	59
-536	16576	560	76
-448	16544	384	102
488	16824	40	129
-416	16456	456	112
-1032	16552	432	128
-776	16784	32	165
40	16592	-112	205
-48	16824	584	208
-128	16656	728	217
-752	16488	1192	229
-624	16488	768	296
-696	16448	1088	361
-1256	16624	928	393
-1200	16352	1096	454
-536	16760	1352	522
-1176	17120	2280	626
-1744	16288	2560	722
-1880	15952	3824	828
-2368	15784	3728	972
-2440	17104	3896	1149
-2152	17352	1920	1341
-2472	16336	-568	1485
176	22248	-5080	1751
5600	22376	-7632	2194
6200	23616	-5456	2493
4408	24680	-7504	2195
5216	22528	-6128	2106
5088	19392	-5280	2297
2144	20984	-4600	2477
2216	17960	-1416	1952
1272	17000	-2368	1800
904	14392	-2224	1619
1928	13456	-832	1656
3032	12256	-1688	1184
3552	13592	-3336	906
2256	12640	-3416	515
2688	12552	-3512	318
3920	12392	-3536	93
4528	12616	-5064	-246
3144	12560	-5496	-407
2704	13504	-5568	-866
2688	13976	-5880	-1169
2576	14352	-5352	-1364
2384	14776	-4944	-1516
2112	14784	-4696	-1721
2720	15184	-4832	-1873
2960	16336	-5584	-1977
2064	17120	-4832	-2055
1224	17216	-4664	-2230
1008	19184	-3568	-2375
2296	20440	-3088	-2508
2912	19560	-2336	-2779
872	19736	-1832	-2803
32	20344	-1768	-2742
984	18672	-2192	-2828
2248	18400	-4912	-2793
-400	18480	-1896	-2563
1008	17368	-1352	-2650
2336	14504	-1192	-2321
3272	14888	-1000	-1986
2128	14352	376	-1457
872	12128	-1472	-1060
2424	11832	-1792	-85
5184	11864	-3208	477
8072	13264	-6848	899
5416	14136	-7792	936
-17360	20776	12200	2085
-11472	29728	7248	1193
-6832	26568	-2744	400
-768	19352	-8632	839
6208	12856	-4136	898
5184	13680	4696	1576
2400	19200	-5896	1380
1056	17496	-5208	706
1288	18248	-5112	797
384	17504	-4072	677
1832	17832	-1096	676
1992	17200	-1512	411
2328	17640	-1488	456
1136	17648	-1056	413
1264	17536	-216	409
1120	17272	-32	437
1288	17256	64	604
1080	17072	-440	508
1536	17344	-472	508
1272	16992	-880	550
1416	16776	-1808	645
1992	17032	-1408	647
2776	17424	-784	677
1800	17424	-1760	575
1736	17984	-1424	503
1896	15784	-1752	560
2200	15880	-2160	594
1840	16416	-3392	570
1784	16256	-3488	524
2912	17024	-2192	624
2392	16984	-1400	720
1264	17728	-1368	769
432	17112	-1128	828
1144	16544	-1240	917
1800	18072	384	1086
2048	19320	2064	1145
1696	20464	2952	1190
0	22056	3256	1113
-672	18264	3440	1046
-4520	14440	3232	1155
-5816	22976	3200	2052
-7816	26984	3392	2684
-3704	29904	2792	3142
-192	29456	360	2580
4904	25768	-2728	2241
6168	17864	-3256	1717
9984	15472	-9704	358
22320	16608	-4080	-200
5584	14080	-8040	784
1784	11872	-9304	308
4176	11064	-10672	375
2968	9368	-7112	503
4696	8056	-4640	142
5632	6672	-6344	-1187
4688	5904	-9456	-1695
4456	5904	-10320	-1626
3712	6576	-11128	-1703
3704	7432	-9912	-2132
3296	6152	-9248	-2883
2840	6744	-7872	-2992
3256	8384	-6248	-3114
3056	10904	-4816	-3408
3264	14168	-6576	-3803
2304	16520	-7384	-3995
5672	17616	-10504	-4139
7464	19400	-5512	-3647
4040	19600	-6168	-4410
1976	19896	-5960	-4454
2144	26320	-3488	-3601
4888	27632	-2568	-3279
2536	20224	624	-2748
1040	9064	2464	-1917
2360	7336	136	-402
8832	11392	-6448	1140
14944	12400	-8064	1494
10488	15696	-3680	1941
-8856	20296	7240	2142
-14960	25728	9928	1644
-6512	28776	792	805
-6096	25192	-5848	509
-11232	23352	-12336	-248
7168	17376	4696	1646
7952	13080	2824	1375
7264	13296	-4528	836
760	18320	-3664	1356
464	19056	-4072	752
3688	17088	-1080	595
3000	17488	1528	746
296	17384	320	519
2040	17144	616	578
1864	17056	-48	418
-16	17208	736	371
1744	17072	1088	426
1832	16192	1488	599
456	16880	1352	636
368	17032	1032	566
1120	17056	1224	587
1168	17424	680	721
2240	17528	-256	806
2568	16760	-736	705
2560	18248	-848	789
2504	17032	-2256	608
1336	15936	-2680	625
1608	15928	-2064	693
2688	16952	-1824	593
2848	17000	-1928	638
2768	16800	-1088	715
2024	16856	-1232	728
1680	16792	-736	833
1736	16192	648	887
1880	18736	-768	1039
1800	20384	320	1084
768	23472	1968	1183
16	25072	2712	1161
-1296	18992	3928	1047
-6408	16632	4864	1312
-7384	21232	4968	2352
-10000	28224	6872	2727
-15176	29456	6352	3100
200	27312	1048	2622
11552	28928	-7320	2447
5064	20216	-3200	1652
10400	15576	-2016	411
16408	18440	-12920	-302
5144	12824	-9664	1303
3024	12888	-6120	1092
4048	10336	-9136	399
3624	7816	-6944	218
5272	7480	-4256	60
6720	6840	-4920	-1101
5752	6064	-9568	-1902
2360	5432	-10936	-1884
4032	6472	-9672	-1875
4704	6768	-9320	-2469
2424	5592	-9168	-3130
1624	5936	-7944	-3221
1688	7400	-7112	-3287
3464	9728	-5784	-3505
4144	13680	-6872	-3667
2456	15880	-8528	-3863
3816	16936	-9512	-4027
6776	19224	-5504	-3797
4840	20760	-5248	-4259
1048	20992	-6864	-4541
992	22984	-4856	-4145
2664	24736	-824	-3407
4768	24616	-1440	-3301
4728	25712	-400	-2847
-2784	10512	1496	-1939
1400	6456	-40	-951
9824	12320	-6752	933
14520	13728	-5656	1586
-9736	18192	5208	2094
-19224	19840	12552	1628
-7944	23400	-248	723
-11848	22312	-1592	547
-13920	27264	-8032	214
3160	21568	-528	1544
21000	16888	5320	1877
9496	12032	-1664	1031
-1632	17544	648	1877
-600	16704	-5848	476
3760	17464	-5192	456
4272	17272	496	906
1544	18192	1824	707
1360	16752	-376	650
3040	16632	-712	461
1912	17432	-920	395
-960	17376	128	392
136	16784	-328	414
2760	16752	256	661
1360	17000	680	580
1440	16832	-336	568
2224	17360	-288	603
1464	17256	-488	610
2328	18504	-408	703
1856	17264	-624	672
1752	16216	-1152	451
1280	15504	-1896	600
1144	15568	-1528	713
2944	16920	-2048	574
2064	17104	-2600	544
2096	16736	-2464	563
2320	17568	-1960	688
1536	17928	-1240	744
896	17952	-1000	769
296	17248	-632	840
1824	16376	552	1040
1944	18784	1680	1145
1928	19840	2048	1123
1384	22080	2840	1156
-136	23448	3032	1112
-1448	15384	2728	866
-7104	21568	4080	2370
-9592	28768	4368	2573
-11472	29472	5472	3136
880	27384	928	2927
9672	30040	-6248	2445
5048	20792	-4848	1666
4936	16088	-8808	528
15056	23016	-6552	-335
14880	15008	-8976	543
2040	13232	-7728	1033
4360	11008	-8280	672
4720	8616	-6336	548
7392	6952	-4216	252
7592	6520	-6104	-818
5696	6184	-10280	-1873
3592	5256	-11664	-1753
3376	5128	-10832	-1513
6336	6424	-9440	-1831
5792	6024	-8544	-2578
4024	5712	-7912	-2914
2280	6200	-6832	-3157
2976	7672	-4968	-3283
3024	10560	-5488	-3519
4128	13136	-6776	-3766
4560	14632	-10032	-3888
7824	17760	-8440	-3690
9480	19472	-5264	-3565
3312	20192	-6792	-4339
-576	19504	-7264	-4507
-64	20920	-4376	-3850
2656	22280	-1784	-3268
4840	23936	-1256	-2995
5576	25776	-3120	-2652
536	16064	2536	-1742
-1024	8040	2048	-1144
8296	13440	-3448	657
10968	11744	-8184	1164
-1536	18448	-344	1580
-23816	19512	10896	2223
-11448	29976	2136	1544
-11384	26096	-480	752
7320	25736	-6232	829
5280	11896	-1176	1363
9016	16728	-3752	1287
-2168	17928	-6616	995
960	17280	-1752	964
1968	18328	144	692
3200	16848	-992	521
2192	17560	-504	525
1776	16904	-56	464
1120	17032	-992	284
-280	17160	-1112	276
600	16992	-880	276
2208	17104	176	411
2520	16160	272	462
1456	16072	-32	412
944	16336	-456	376
1344	16864	-704	452
1280	17320	-672	442
1088	17208	-552	419
1576	17496	-904	389
1928	16552	-1408	423
504	17048	-2056	441
920	15896	-2096	412
2544	16112	-336	531
2496	16472	-48	484
2672	17208	-296	517
1608	17296	-312	553
600	16904	-832	591
232	16896	-856	635
1736	17512	-800	742
2808	17712	72	819
2488	17160	400	808
3088	17072	1072	877
2032	18688	1904	1081
416	20856	1672	1098
-600	20080	2080	1104
-2760	19024	2248	1199
-5256	20496	3032	1460
-8552	22624	1648	1748
-9896	28816	1656	2264
-11392	30896	-1176	2824
-3016	25280	-4608	2167
8184	21408	-8608	1915
15656	15656	-7128	-442
9072	11936	-14856	-135
5616	9816	-13064	889
1160	8776	-9032	1117
2472	8656	-5680	726
5768	7336	-4592	57
5200	6296	-3736	-400
4424	4880	-4408	-967
3152	3984	-8200	-1591
2048	4744	-9768	-2032
3064	5936	-9504	-2184
3672	6560	-9152	-2429
3320	6400	-9216	-2997
2680	7024	-7848	-3170
2080	9304	-5216	-3253
3056	14032	-5280	-3436
2496	19104	-5416	-3188
4736	20624	-5560	-3361
3368	19224	-4984	-3620
776	21840	-5208	-3801
-536	24232	-6576	-3337
2864	27752	-3520	-2955
6264	23688	-2784	-2538
7664	15584	-5376	-2110
6368	12240	-8536	-1186
5576	12912	-9776	295
984	17264	-2648	1221
-12208	25440	31624	3656
2832	25328	-2232	262
-2240	14304	-6344	1183
240	12696	-5680	60
-1792	18496	-4232	272
-96	19328	-3968	508
1328	17624	696	149
2552	18304	-728	-64
1296	16632	832	202
-1224	16904	-376	57
-1968	17048	-1152	57
-120	16512	1208	22
-160	16216	2008	-39
-16	16608	1592	21
8	16592	1200	70
-648	16672	648	42
-80	16528	1576	75
216	16616	1528	84
-24	16656	1480	95
-304	16936	976	90
-1368	16544	808	88
-272	16512	872	108
80	16344	1296	105
-224	16528	1328	114
-232	16776	1296	139
880	16792	1368	155
1432	16536	1024	146
888	16112	160	114
-56	16832	256	104
-480	17064	184	71
352	17040	304	44
-280	16552	-864	26
360	16776	-1152	24
464	16864	-368	14
624	16608	-184	-14
1136	17144	824	16
512	16632	1136	-65
-40	16688	464	-87
168	16968	-48	-37
-168	16648	-48	-60
-504	16464	448	-62
-648	16608	384	-92
-1096	16680	784	-116
-1136	16520	1360	-83
-816	16456	1600	-59
-1560	16280	2176	-1
-1304	16688	1720	50
-1248	16824	1424	67
-512	16568	904	75
-800	16304	472	88
-496	16360	72	92
-560	16816	312	89
-784	16504	704	43
-1232	16768	1032	78
-1328	16712	568	78
-1080	16720	576	49
-1080	16440	248	49
-1312	16352	976	65
-1216	16472	752	65
-1064	16496	344	75
-1344	16592	216	51
-1048	16712	296	49
-1704	16632	624	58
-1584	16496	728	47
-1336	16448	336	55
-1248	16776	472	63
-1224	16432	24	58
-1432	16712	-104	43
-1680	16560	-144	25
-1584	16488	384	31
-1392	16424	344	12
-1304	16568	832	29
-1208	16664	944	39
-1824	16624	264	31
-1624	16736	-208	20
-1216	16280	-104	5
-1520	16536	1048	31
-1440	16672	616	60
-1608	16648	224	32
-1544	16336	488	35
-1600	16456	288	45
-1440	16504	464	64
-1368	16616	128	71
-936	16592	344	60
-1048	16736	248	46
-1312	16720	-320	28
-1624	16656	-400	37
-1160	16656	104	29
-1512	16736	112	19
-960	16664	256	31
-1320	16736	-152	23
-1352	16576	328	5
-1544	16608	416	19
-1344	16560	432	24
-1448	16768	424	10
-1448	16472	-104	4
-1504	16584	88	24
-816	16848	456	27
-2424	16744	112	58
-1872	16680	-40	22
-1744	16528	544	0
-1808	16496	312	49
-1224	16376	624	71
-1592	16648	304	78
-1400	16488	-304	62
-1192	16664	-312	64
-1112	16616	-384	53
-1024	16704	-520	54
-1104	16784	-448	57
-760	16696	-488	22
-816	16584	-632	21
-744	16472	-552	-13
-1400	16656	-824	-57
-872	16688	-936	-50
-1048	16704	-336	-48
-1032	16816	-168	-84
-1784	16528	32	-56
-2248	16888	-408	-119
-1776	16760	-32	-148
-1152	16344	-48	-114
-1384	16520	712	-75
-2032	16592	1168	-79
-1704	16760	696	-126
-824	16064	728	-112
-1040	16496	1000	-70
-1856	16544	544	-107
-2080	16768	48	-132
-872	16576	944	-83
-952	16816	880	-132
-784	16456	-192	-196
-968	16736	8	-173
-1400	16792	664	-207
-2080	16320	904	-240
-2520	16584	1176	-228
-2776	16512	1296	-214
-2560	16048	704	-241
-1144	16696	1768	-179
-680	16296	2504	-114
-1280	16248	1784	-162
-2904	16456	2720	-133
-3144	16512	1864	-62
-3008	15896	1664	-31
-2864	16536	1480	-55
-2512	16408	1520	-29
-1648	16128	2392	-6
-1944	16816	2264	11
-2568	16584	1928	-2
-3120	16200	320	-59
-3336	16384	-224	-102
-2408	16384	1240	-31
-1616	16408	1528	6
-1120	16400	1992	-32
-1936	16320	2704	-44
-872	16384	2808	-76
-1472	15808	1976	-156
-6032	16528	896	-199
-6544	15808	816	4
184	16864	3248	708
-3296	19224	6944	619
-728	13976	-3352	-297
-1752	12856	-192	-341
-3000	16280	1184	-50
-3736	16544	1976	101
-1280	18248	2752	-79
-40	17720	5824	793
-3552	14464	112	398
-3752	17496	2368	179
-2048	16752	1464	-482
-736	16024	1504	-386
-552	16064	488	-177
-2544	17952	1608	73
-744	17920	2608	303
-1208	16416	1632	284
-1064	16896	456	255
80	17056	520	411
-1616	15944	1184	405
-1928	16728	1384	382
-680	16048	720	402
-1608	15720	728	367
-1376	16952	392	232
72	16472	-264	213
-1096	16824	1056	218
-1872	17192	-456	55
-944	16088	-1672	187
-1304	17184	640	246
-4400	8064	40	-120
-3288	17232	-80	-4
-1072	16336	304	15
-3120	16440	-232	75
-2504	16400	-168	14
-1168	16728	40	-16
-704	17256	-120	13
-1656	16152	184	-4
-1984	16288	576	51
-1800	17032	712	74
-608	16264	776	102
-2328	16592	1032	120
-3392	16360	280	152
-2232	16776	408	120
-1224	16584	96	97
-936	16200	-16	88
-5048	16336	16	76
-3296	16576	144	45
-1816	16616	16	57
-1680	16384	-64	59
-2800	16512	-208	42
-3904	16496	-88	39
-2656	15048	-384	-7
-1520	17176	144	-5
-1120	16176	-424	12
-2096	15984	-672	-12
-4080	16432	32	-37
-4168	15792	72	-21
-3528	15832	224	-41
-2336	16592	488	-51
-1016	17376	104	-24
-3696	16248	96	1
-3440	16760	136	-10
-3016	17112	312	-32
-600	15968	136	-21
-560	16272	304	14
-4616	16760	280	-1
-4120	17400	864	-16
-584	15968	160	-43
-872	15800	496	16
-3696	15880	440	57
-4712	16528	-312	72
-2616	16016	-16	68
-1952	16792	-160	38
-1768	16752	-560	19
-3720	16416	240	13
-4760	15936	24	-16
-2232	15904	160	-29
-920	16224	-40	-10
-536	16208	-24	13
416	16520	472	-32
-168	16864	616	-49
-664	16240	464	2
-4160	17296	3232	191
-7328	17544	888	172
24440	27944	-2696	21
-416	16272	776	124
-3712	17280	-504	-45
-1464	16624	-384	21
-2992	18760	-576	88
112	17376	-184	84
2224	16464	-720	169
-2792	15328	-248	275
-2424	16968	-1000	78
-1920	16536	-616	22
-1592	16072	-200	-5
-392	15960	-448	-9
-1008	16720	176	-9
-1736	15888	-232	-31
-2520	15712	136	-49
-1336	16584	136	-20
-640	17240	4968	-39
-1200	17096	-120	56
-656	17560	-480	84
-1592	17208	-288	135
-792	16856	-112	45
-1736	16296	-296	63
-2264	16576	-80	18
-968	16448	-80	-12
-2496	16224	-504	1
-2648	16672	-160	-7
-4336	16112	8	-22
-3704	16264	264	-62
-960	16064	-128	-43
1064	16240	-224	-1
-2288	16912	64	35
-2632	17424	120	23
-1408	16592	160	12
-768	15864	-88	-3
-2016	16128	-48	-19
-2408	16456	-128	-51
-1960	16080	216	-39
-1240	16072	280	-14
-3000	16040	-64	17
-2576	16496	-192	27
-1984	16784	-368	33
-1880	16632	-312	43
-1992	16112	32	47
-3056	16600	-56	27
-2440	16264	80	-12
-2568	15664	16	-31
-1448	16184	-160	10
-1632	16440	-528	11
-2144	17272	-168	-15
-1648	16408	-152	-44
-2760	16304	-448	-66
-2872	16392	-40	-51
-856	16280	16	-16
168	16160	96	40
16	15832	440	53
2480	16712	448	76
344	16440	928	144
-5216	16696	24	140
-7680	16800	-64	44
-3776	15928	-376	-34
-2304	17064	-712	74
-1304	17824	-40	55
400	16400	-264	87
-472	16584	-200	89
192	17264	-576	69
-2408	16504	-664	34
-1856	17000	48	1
-1136	16008	304	-48
224	16200	-544	-18
-2296	16816	-528	-5
-3144	17272	-744	-18
-2304	14344	1840	-18
-752	16256	-136	42
504	16264	-8	48
-208	16456	248	59
-208	16272	-232	48
-952	15808	-296	20
-1896	16984	-384	-16
-1880	16744	-136	-31
-1136	16968	-144	-12
-3160	16120	-160	-26
-1872	16488	-704	-35
-3984	16352	-216	-47
-2288	17160	96	-55
0.000000	0.000000	0.000000	11
0.000000	0.000000	0.000000	75
0.000000	0.000000	0.000000	139
0.000000	0.000000	0.000000	203
0.000000	0.000000	0.000000	267
0.000000	0.000000	0.000000	331
0.000000	0.000000	0.000000	395
0.000000	0.000000	0.000000	459