		
32	4	26	3522
43	-18	18	3535
59	-27	11	3546
42	-25	5	3553
35	-25	0	3561
35	-30	0	3568
32	-24	4	3576
18	-8	10	3583
11	2	15	3591
9	12	24	3598
5	11	23	3606
6	7	25	3617
4	3	22	3629
13	12	31	3640
8	14	41	3651
40	-2	48	3663
52	-8	56	3676
53	-7	61	3687
54	4	55	3699
54	16	52	3710
36	13	47	3722
5	9	33	3759
8	7	30	3770
5	13	30	3781
10	16	38	3794
38	-4	28	3806
28	-12	21	3817
34	-11	14	3829
23	0	14	3840
27	4	18	3852
23	20	34	3863
20	26	42	3875
23	21	46	3886
30	13	44	3900
36	16	42	3911
32	26	39	3923
38	24	30	3934
50	7	24	3945
51	3	18	3957
28	36	23	3968
-6	47	32	4005
6	22	29	4016
16	2	18	4028
30	-13	20	4039
58	-51	17	4054
44	-33	24	4064
34	-4	30	4075
40	11	31	4087
13	34	36	4098
0	46	35	4110
-9	46	33	4121
9	19	28	4133
1	8	22	4145
3	-6	19	4156
11	-8	22	4168
20	-4	28	4179
54	-11	32	4190
51	2	29	4202
23	16	30	4213
23	2	30	4250
8	-1	32	4262
2	4	26	4273
25	-4	21	4285
25	8	18	4296
37	4	13	4308
20	26	20	4319
11	42	26	4332
22	27	26	4344
14	21	24	4356
12	18	25	4368
28	-2	14	4379
24	-8	6	4391
19	-9	10	4402
9	14	11	4414
4	31	21	4425
9	30	28	4436
4	34	28	4448
25	8	28	4485
38	-18	23	4498
35	-20	23	4510
23	-15	29	4521
23	3	36	4533
25	22	32	4544
25	26	27	4555
31	30	25	4567
26	37	28	4579
15	24	29	4598
23	25	29	4608
16	26	22	4619
17	12	15	4631
5	-5	10	4642
19	-12	5	4654
5	9	10	4665
10	22	12	4676
13	17	16	4688
8	40	23	4701
33	33	20	4738
14	40	33	4749
9	36	39	4761
-6	36	37	4772
2	37	34	4784
-2	39	32	4795
5	30	27	4806
16	20	28	4819
10	28	32	4830
15	29	40	4844
26	25	41	4855
22	33	44	4866
27	33	43	4878
35	24	39	4889
13	42	43	4901
4	44	45	4912
-6	40	55	4924
6	35	54	4935
0	27	50	4947
9	27	29	4974
46	15	24	4986
35	26	26	4997
9	28	34	5009
1	39	41	5020
-12	59	43	5033
0	70	45	5044
11	60	44	5056
25	43	45	5067
23	47	38	5081
24	45	40	5092
32	38	38	5104
25	30	38	5115
12	22	43	5129
8	16	47	5140
0	17	49	5151
7	11	45	5162
1	32	40	5175
2	42	53	5224
1	29	55	5236
11	17	55	5247
35	-5	45	5259
23	-6	50	5281
30	-9	47	5295
26	-12	37	5308
27	5	30	5321
-4	43	33	5335
-3	53	37	5348
-19	54	44	5361
-3	28	46	5374
2	9	41	5387
3	-8	38	5400
-4	2	41	5413
24	-8	38	5426
31	-15	34	5440
22	-16	30	5453
11	-3	26	5466
1	10	29	5479
-7	38	33	5494
10	85	45	5533
15	56	45	5547
20	16	36	5560
17	6	29	5573
-5	9	19	5586
-18	12	28	5601
-18	24	44	5615
-33	25	50	5628
-24	32	50	5641
-28	70	50	5654
-21	63	56	5667
-2	64	65	5680
-5	74	68	5693
17	63	63	5706
-15	68	66	5720
-16	48	75	5734
-12	33	76	5745
-19	27	79	5758
-10	77	62	5797
-25	112	64	5810
-40	125	62	5823
-30	131	58	5837
-40	131	53	5850
-35	115	52	5863
-45	113	46	5876
-56	112	29	5889
-26	91	17	5902
-32	92	3	5917
-41	130	-6	5930
-49	153	-2	5943
-39	161	17	5956
-25	190	25	5969
-51	204	22	5983
-64	188	32	5996
-70	200	42	6011
-91	198	16	6024
-102	203	-9	6037
-174	266	-84	6075
-190	268	-79	6088
-197	227	-83	6101
-231	159	-91	6114
-215	106	-107	6127
-215	58	-126	6140
-212	53	-133	6153
-206	33	-148	6166
-211	27	-147	6180
-232	26	-132	6193
-225	-11	-125	6206
-162	-39	-146	6219
-138	-34	-168	6233
-53	-14	-197	6246
-82	19	-197	6259
-81	31	-197	6272
-52	19	-199	6286
-66	25	-179	6299
-92	5	-181	6314
-52	-80	-230	6352
-29	-78	-247	6368
37	-60	-248	6380
-1	44	-218	6407
-46	67	-229	6422
-17	58	-231	6437
-38	61	-216	6452
-75	88	-221	6467
-33	112	-232	6483
-17	65	-203	6498
-147	-67	-154	6512
-152	-256	-141	6527
-43	-352	-168	6542
18	-306	-183	6561
1	-216	-142	6575
16	-103	-89	6590
142	38	-22	6605
119	80	23	6620
58	22	56	6635
29	-213	-6	6650
247	-377	-94	6665
485	-226	-244	6705
452	-182	-266	6720
432	-152	-230	6737
409	-91	-177	6752
369	-25	-144	6766
350	-11	-120	6781
302	40	-65	6808
232	98	-23	6824
212	68	-21	6841
287	-17	-39	6858
329	-31	-64	6875
265	-100	-60	6892
389	-168	-73	6908
485	-112	-100	6925
384	10	-86	6942
276	165	-89	6959
250	313	-147	6975
256	222	-225	6994
-6	83	-332	7035
105	-260	-384	7052
108	-460	-429	7068
92	-447	-437	7087
127	-383	-381	7103
112	-98	-243	7120
102	123	-158	7136
92	257	-146	7153
116	236	-188	7170
51	237	-206	7186
1	258	-198	7203
20	302	-202	7219
25	367	-195	7236
46	350	-189	7252
72	200	-158	7278
77	205	-101	7295
128	220	-62	7312
70	200	-46	7332
90	101	18	7376
113	109	30	7393
100	143	29	7409
78	99	-5	7426
35	95	-15	7443
-43	102	2	7459
43	169	-8	7476
3	258	-4	7492
-36	303	-3	7509
0	317	-7	7526
-32	315	2	7542
-20	232	-10	7559
-43	155	-11	7577
-31	90	-8	7593
30	0	-5	7610
56	-66	13	7626
74	-99	30	7643
75	-92	39	7660
55	-49	38	7676
54	14	20	7718
61	-30	-37	7734
-68	-12	-43	7751
-55	9	-47	7767
-16	16	-25	7784
5	-38	2	7801
-12	-64	15	7817
-20	-154	-8	7837
5	-158	-4	7853
11	-112	5	7871
-19	-66	13	7888
-35	-56	15	7907
-32	-90	8	7923
-42	-69	0	7940
-61	-20	2	7956
-34	-28	12	7973
-23	-82	27	7990
-34	-84	52	8006
-43	-60	101	8048
-37	-26	118	8065
-29	-16	111	8082
12	44	79	8098
-37	115	77	8118
-36	118	60	8135
-62	93	36	8151
-29	75	40	8169
-35	19	98	8186
0	-43	125	8203
16	-93	135	8219
68	-154	128	8236
28	-166	151	8252
30	-192	152	8269
12	-176	149	8286
39	-148	145	8303
18	-109	138	8319
15	-60	123	8338
33	-55	100	8354
5	-95	53	8396
-16	-66	45	8413
-14	-7	46	8430
0	4	38	8446
-8	36	39	8466
17	27	43	8483
17	27	48	8499
-2	32	41	8516
22	48	37	8533
32	29	25	8549
40	34	17	8566
10	68	30	8582
51	39	13	8601
41	23	0	8617
52	-13	-9	8634
17	8	14	8650
-9	-10	17	8667
24	-57	22	8684
38	-82	27	8726
28	-91	36	8742
32	-74	45	8759
36	-54	44	8776
31	-34	43	8793
13	-26	48	8810
24	-23	48	8826
13	-26	54	8845
37	-43	49	8865
21	-13	46	8881
23	-14	43	8898
58	-37	38	8915
43	-48	33	8931
-1	-46	33	8948
-14	-15	35	8964
7	-9	50	8981
-26	-12	53	8998
-82	-17	43	9014
-66	4	28	9031
-42	22	4	9065
-55	-15	-32	9081
-55	5	-47	9098
-86	50	-42	9115
-81	50	-49	9131
-108	34	-76	9148
-124	10	-99	9164
-128	12	-88	9181
-136	40	-63	9198
-164	50	-45	9214
-89	26	-48	9231
-89	45	-45	9248
-108	48	-43	9264
-156	110	-27	9281
-213	165	4	9297
-290	138	57	9317
-311	70	130	9338
-269	51	201	9351
-197	69	275	9368
6	220	574	9428
20	175	641	9445
197	136	671	9462
198	179	731	9478
166	356	835	9495
202	647	955	9511
38	740	1041	9528
32	781	1057	9544
73	630	934	9563
18	347	870	9581
-21	270	773	9597
-60	223	690	9614
-30	84	567	9637
41	11	534	9655
27	62	522	9671
57	145	502	9688
47	264	462	9705
71	399	395	9721
2	438	332	9738
-27	448	260	9754
58	438	165	9771
-73	599	126	9813
-11	644	110	9830
-100	478	105	9848
-164	431	96	9865
-189	412	43	9882
-84	326	-17	9898
-38	371	-44	9916
-87	427	-24	9933
-233	424	28	9949
-91	169	27	9966
20	-17	12	9983
74	17	4	9999
198	125	-24	10016
257	192	-51	10033
177	247	-57	10050
148	260	-118	10066
256	210	-195	10083
369	59	-288	10099
528	-48	-493	10143
377	-239	-288	10158
227	-559	-23	10174
376	-364	284	10193
157	-313	149	10209
535	-1042	-553	10226
607	-991	-897	10243
765	-638	-996	10259
550	-11	-712	10276
168	577	-485	10293
158	452	-541	10324
147	-23	-701	10340
303	-586	-922	10356
273	-647	-942	10373
179	-483	-838	10389
-47	-300	-649	10405
-87	-107	-614	10422
-40	40	-646	10439
-51	191	-635	10456
-101	177	-561	10472
28	111	-574	10488
113	25	-590	10505
146	-65	-567	10521
79	-150	-522	10538
76	-231	-511	10554
80	-202	-482	10571
48	-145	-482	10587
56	-111	-481	10603
126	-184	-575	10644
66	-181	-557	10661
38	-183	-525	10677
-1	-165	-504	10695
-32	-116	-488	10712
-32	-68	-478	10728
-86	-6	-460	10745
-78	-35	-463	10761
-106	-161	-495	10779
-128	-180	-479	10796
-174	-190	-435	10812
-228	-195	-370	10829
-149	-147	-242	10846
36	-279	-153	10867
73	-427	-127	10880
77	-495	4	10896
-184	-406	230	10913
-657	-357	521	10931
-631	-79	1220	10973
-1010	-197	1573	10989
-869	-448	1801	11006
-361	-714	1664	11023
-301	-740	1431	11039
34	-589	1255	11056
390	-628	1324	11076
384	-588	1426	11092
445	-548	1423	11109
420	-499	1483	11125
209	-182	1549	11152
155	56	1540	11168
58	301	1580	11185
-170	520	1551	11203
-259	620	1504	11219
-477	746	1479	11238
-476	717	1373	11255
-499	592	1205	11271
-219	280	613	11313
-8	140	358	11330
255	100	38	11346
340	215	-175	11363
350	388	-356	11380
295	523	-522	11396
447	739	-683	11413
381	949	-793	11429
255	839	-930	11446
265	583	-936	11464
416	438	-854	11480
215	1001	-498	11497
-399	1185	175	11514
-227	204	713	11530
772	-1450	630	11547
737	-1267	474	11563
959	-501	44	11580
1073	354	-816	11596
877	152	-1151	11613
342	1013	396	11658
-259	212	-177	11674
619	-1101	-1083	11691
915	-920	-1381	11707
380	-25	-913	11734
-172	423	-581	11751
-34	323	-719	11768
-33	47	-898	11785
126	-223	-1063	11805
-4	-418	-1052	11821
-80	-363	-904	11838
-224	-275	-780	11855
-197	-130	-836	11871
-72	-12	-884	11888
-26	40	-856	11905
82	28	-784	11921
86	66	-755	11938
41	107	-761	11955
17	-33	-782	11998
62	-34	-816	12014
-8	-82	-805	12031
-55	-75	-789	12048
-27	-34	-796	12064
25	43	-788	12081
46	27	-784	12098
77	-71	-769	12115
16	-184	-709	12131
-134	-199	-660	12148
-217	-112	-531	12165
64	-101	-349	12181
89	-242	-126	12201
77	-407	154	12217
-161	-468	270	12235
-415	-249	591	12252
-426	-183	951	12269
-669	-208	1314	12285
-1284	-323	1723	12302
-222	-381	1706	12343
-252	-320	1514	12360
-157	-513	1508	12377
259	-722	1599	12393
248	-936	1727	12412
385	-1065	1650	12428
308	-1193	1706	12444
177	-1051	1713	12461
216	-542	1689	12479
-79	-120	1751	12496
-232	369	1757	12513
-384	637	1750	12529
-525	751	1672	12546
-632	818	1503	12566
-634	767	1231	12582
-612	675	945	12599
-483	604	651	12616
-206	488	226	12632
280	612	-565	12674
261	541	-922	12692
332	479	-1143	12709
468	547	-1311	12725
390	886	-1312	12742
-280	1221	-1021	12760
-294	616	-604	12777
447	192	-118	12793
-31	2	646	12810
547	-848	855	12827
761	-1133	502	12843
1137	-935	51	12860
888	-31	-861	12877
513	-417	-879	12893
1250	-853	-98	12910
468	763	144	12927
100	773	-75	12943
226	-45	-564	12960
663	-681	-1075	12978
237	223	-687	13019
92	422	-552	13036
223	156	-780	13052
116	-4	-922	13069
35	-142	-1017	13086
-169	-206	-1002	13102
-285	-97	-922	13119
-295	51	-819	13138
-28	147	-823	13153
-4	151	-845	13172
-9	96	-921	13189
80	58	-940	13205
74	51	-905	13223
80	-60	-848	13241
37	-73	-833	13258
-27	-140	-806	13275
2	-137	-778	13291
44	-170	-759	13308
12	1	-690	13353
32	69	-646	13370
41	136	-609	13386
4	213	-568	13403
-181	114	-537	13419
-347	78	-449	13436
42	163	-354	13452
138	72	-198	13469
226	-131	-31	13486
-130	-418	121	13502
-282	-414	225	13520
-728	-372	539	13536
-1092	-227	968	13553
-1088	-101	1311	13570
-1089	-31	1677	13586
-1407	-293	2092	13605
-541	-323	1831	13621
-87	-438	1402	13638
-105	-432	1401	13655
427	-789	1494	13688
165	-919	1562	13704
296	-893	1498	13721
319	-779	1556	13737
293	-543	1542	13764
136	-137	1667	13782
-33	143	1693	13798
-130	323	1712	13815
-271	499	1678	13831
-404	711	1556	13848
-473	820	1424	13865
-477	826	1202	13881
-298	737	861	13898
-191	686	601	13916
35	500	208	13932
397	338	-113	13949
332	429	-327	13965
238	455	-552	13982
346	728	-790	14032
248	396	-811	14052
354	102	-880	14068
524	-98	-828	14085
521	510	-289	14113
-109	757	289	14129
275	270	510	14146
763	-201	300	14162
843	-234	45	14179
788	-300	-340	14195
770	263	-968	14212
485	652	-983	14228
506	-141	-120	14245
814	-305	509	14261
-129	176	-28	14279
517	-238	-491	14297
612	-834	-987	14314
933	-995	-1180	14330
357	-288	-907	14347
34	318	-532	14363
-50	340	-562	14380
32	80	-746	14396
-64	-180	-918	14438
-175	-225	-840	14455
-192	-155	-833	14471
-85	-94	-809	14488
-4	41	-755	14504
-8	-97	-732	14521
-48	-68	-688	14539
122	-4	-640	14557
126	-28	-613	14573
23	-106	-548	14590
42	-132	-523	14607
50	-131	-512	14623
88	-74	-509	14640
82	-28	-521	14656
70	-76	-575	14676
31	-130	-611	14691
23	-81	-626	14707
37	-106	-636	14724
-90	46	-632	14769
-123	80	-630	14785
-135	191	-580	14803
12	157	-565	14821
-92	-56	-516	14838
-9	-218	-426	14855
203	-492	-382	14871
152	-691	-277	14888
-120	-746	-112	14904
-271	-598	20	14921
-616	-137	378	14938
-672	137	696	14954
-536	258	996	14971
-1069	136	1425	14988
-1410	-183	1532	15004
-1182	-367	1589	15022
-509	-549	1198	15040
-383	-288	1066	15057
-72	-48	1197	15074
-136	189	1355	15115
-200	-98	1277	15132
-131	-259	1181	15149
96	-520	1159	15165
201	-657	1168	15182
131	-374	1239	15199
31	-58	1263	15215
120	299	1303	15232
145	572	1352	15249
57	883	1403	15266
38	1195	1395	15282
112	1265	1264	15300
180	1341	1088	15317
233	1507	801	15343
280	1524	644	15360
329	1543	478	15377
488	1558	218	15393
614	1645	5	15410
136	2393	-85	15454
-76	2638	-74	15469
-230	2718	-39	15486
-377	2621	6	15504
-545	2757	183	15524
-588	2686	353	15541
-606	1896	452	15558
-208	995	461	15574
532	192	416	15592
618	-390	599	15608
561	-558	542	15625
1522	182	207	15642
1451	-76	-829	15658
1010	-161	-1222	15675
576	440	-777	15691
153	624	128	15708
-54	1612	224	15725
-482	2571	74	15741
762	1897	-457	15758
343	1088	-264	15799
39	1223	-95	15815
11	1512	-134	15841
100	1459	-258	15860
103	1438	-274	15877
179	1634	-262	15894
60	1664	-267	15910
-348	1615	-206	15927
-227	1936	-106	15944
4	1997	-193	15962
79	1724	-334	15978
93	1549	-351	15995
132	1473	-374	16012
147	1464	-391	16029
61	1519	-328	16045
-51	1495	-289	16062
65	1318	-184	16081
1	1135	8	16122
-39	1021	25	16139
-27	948	10	16156
-108	971	55	16173
-141	994	95	16189
-166	951	130	16209
-145	930	163	16224
-166	849	160	16241
-127	658	131	16261
-178	596	116	16277
-156	622	127	16294
-196	664	131	16310
-181	597	98	16328
-176	555	89	16345
-163	518	64	16361
-148	453	-13	16378
-158	538	-13	16394
-238	732	52	16413
-334	702	94	16429
-382	524	248	16471
-378	544	373	16488
-391	722	479	16505
-530	946	597	16521
-500	1131	768	16538
-542	1154	875	16555
-587	1134	965	16571
-712	1202	1024	16588
-895	1265	1068	16605
-1099	1311	1187	16622
-1093	1184	1260	16639
-1012	1136	1261	16656
-1055	1155	1308	16672
-663	1092	1252	16689
-326	1178	1194	16706
-232	1484	1179	16722
-138	1850	1237	16739
-82	2068	1190	16756
-7	2265	1182	16773
461	2370	1171	16814
584	2367	1091	16832
595	2292	1051	16849
752	2132	989	16867
825	1806	1008	16885
867	1634	1024	16902
720	1499	999	16919
753	1386	969	16935
771	1284	915	16952
676	1284	879	16971
595	1366	871	16987
482	1462	838	17003
476	1446	769	17023
456	1388	726	17040
447	1359	689	17057
438	1394	620	17073
444	1448	546	17090
406	1502	494	17107
285	1548	316	17150
327	1491	232	17166
338	1391	123	17183
224	1355	83	17200
51	1328	79	17216
-97	1320	97	17233
86	1088	28	17249
211	918	-28	17266
306	693	-29	17283
215	645	17	17299
481	982	123	17319
287	1131	219	17335
158	1075	267	17352
303	894	157	17369
524	795	-2	17387
494	288	-188	17404
714	-11	-441	17420
923	-2	-800	17437
1169	-87	-1279	17454
564	-1093	90	17496
-468	-75	57	17513
116	-290	-664	17529
1060	2	-1053	17546
607	727	-936	17563
88	705	-483	17579
-206	463	-419	17596
-214	-32	-583	17612
-106	-393	-968	17629
87	-426	-1116	17647
115	-404	-866	17663
-94	-159	-621	17680
-15	200	-552	17697
27	408	-733	17713
-101	563	-714	17732
-119	698	-547	17747
41	407	-462	17789
-116	-186	-593	17818
11	-193	-641	17835
153	-164	-678	17853
169	-94	-714	17870
120	-38	-751	17886
122	8	-776	17903
-43	145	-702	17930
-84	204	-697	17947
-235	376	-641	17964
-266	517	-573	17980
-244	581	-508	17997
-217	508	-464	18013
-116	335	-385	18030
-138	125	-351	18046
-143	-114	-281	18063
-130	-357	-157	18079
-230	-469	-28	18096
-303	-436	96	18112
-472	-87	403	18129
-688	344	730	18145
-542	679	1059	18163
-407	620	1416	18179
-1028	13	1639	18212
-662	-82	1435	18228
-279	-142	1470	18245
3	-225	1628	18261
-166	-404	1713	18280
-367	-536	1650	18297
-54	-575	1563	18313
418	-685	1635	18330
263	-686	1753	18347
320	-384	1855	18364
195	-1	1874	18381
-61	402	1932	18397
-127	659	1887	18416
-280	724	1832	18432
-262	773	1730	18449
-321	747	1530	18469
-95	723	620	18523
41	802	198	18539
123	939	-105	18556
242	1123	-376	18572
69	1367	-655	18589
111	1435	-883	18605
253	1029	-1059	18622
521	420	-1155	18638
224	937	-911	18655
-353	1011	-494	18671
793	-252	-155	18689
323	-356	293	18705
-6	-414	556	18722
800	-535	481	18738
882	-753	125	18755
1026	-549	-540	18771
943	324	-1225	18788
250	-501	-189	18804
1020	-1033	453	18821
862	-946	-1095	18864
877	-860	-1249	18881
887	-441	-1189	18898
230	277	-770	18914
4	439	-592	18932
105	189	-704	18948
144	-291	-1060	18965
88	-666	-1281	18982
-13	-944	-1316	18998
-242	-907	-1083	19015
-373	-586	-883	19031
-193	-389	-893	19048
-62	-141	-890	19065
59	10	-923	19081
81	43	-921	19098
70	-61	-897	19114
-2	-66	-852	19131
118	-3	-842	19148
8	57	-787	19191
10	63	-817	19207
26	41	-824	19225
-80	99	-818	19241
-42	428	-683	19285
-104	441	-644	19303
-481	418	-535	19320
-486	432	-432	19336
-16	427	-322	19353
168	-7	22	19369
116	-260	143	19386
-125	-205	356	19412
-418	-83	913	19429
-591	-143	1341	19445
-1176	-514	1706	19464
-1338	-739	1696	19481
-888	-801	1588	19497
-282	-426	1470	19514
-279	-449	1697	19555
27	-577	1707	19572
495	-826	1776	19588
111	-998	1824	19605
18	-898	1860	19622
241	-799	1796	19638
-30	-409	1851	19655
-65	-48	1891	19671
-190	288	1883	19688
-416	499	1766	19706
-355	514	1552	19724
-426	538	1367	19741
-475	572	1150	19758
-140	489	752	19774
-48	474	451	19791
142	587	89	19808
409	849	-398	19824
264	1050	-667	19841
362	1090	-883	19858
1030	579	-1545	19899
593	826	-1439	19917
-30	1241	-755	19935
-256	1293	207	19951
-205	-27	935	19968
834	-1383	680	20006
1116	41	-273	20023
864	1048	-1709	20040
1029	-529	-596	20056
933	-755	1056	20072
-698	809	639	20088
-284	-425	-369	20105
1037	-1415	-1297	20121
896	-638	-1448	20138
669	28	-1180	20154
-53	407	-696	20173
-116	277	-711	20189
-112	-14	-1060	20206
-75	-351	-1260	20248
-221	-352	-1080	20265
-79	-203	-981	20281
163	-153	-965	20298
48	-111	-1051	20314
-51	-190	-980	20331
12	-180	-1002	20347
130	92	-1003	20364
-35	323	-842	20381
54	341	-776	20397
136	278	-854	20414
80	200	-871	20432
-14	123	-862	20449
-14	135	-820	20465
-58	168	-741	20483
-49	52	-683	20499
-62	-90	-681	20516
-320	19	-589	20533
-39	264	-212	20574
-23	-92	-40	20590
115	-503	-9	20607
-16	-640	35	20623
-473	-677	215	20640
-616	-497	472	20659
-633	-206	1026	20676
-691	-379	1490	20693
-884	-542	1793	20709
-955	-630	1941	20726
-803	-479	1813	20744
-235	-97	1363	20760
-31	-195	1376	20777
258	-1118	1593	20811
535	-1293	1595	20824
540	-1493	1595	20840
254	-1352	1671	20857
406	-1057	1609	20873
84	-375	1741	20890
-270	445	1725	20938
-258	400	1616	20954
-204	350	1414	20973
-272	443	1238	20989
-348	551	970	21006
-191	514	739	21023
128	476	380	21040
105	569	153	21056
102	675	-92	21073
150	747	-333	21089
152	839	-552	21106
244	896	-741	21122
458	1060	-941	21141
550	979	-1091	21157
684	926	-1148	21174
122	914	-997	21190
337	691	-845	21206
420	1056	-437	21223
705	-750	468	21264
546	-891	463	21282
845	-744	151	21298
699	-374	-884	21315
-83	-808	-367	21331
1238	-983	440	21348
730	154	575	21364
-393	299	-410	21381
1068	-464	-1038	21397
1165	-943	-1197	21414
699	-524	-903	21431
-29	-2	-696	21449
-36	8	-648	21466
109	-4	-846	21482
97	-83	-989	21499
94	-182	-1049	21516
29	-277	-971	21532
-94	-380	-876	21549
-100	-123	-874	21602
-174	-170	-764	21627
-67	-98	-769	21643
16	-5	-823	21660
53	5	-806	21676
18	-70	-768	21692
-23	-136	-755	21709
-63	-5	-735	21725
-39	-9	-740	21742
58	11	-739	21758
-11	45	-669	21774
-42	83	-660	21793
19	117	-635	21809
-59	159	-589	21826
-84	148	-576	21842
-117	163	-539	21859
-99	15	-393	21900
-67	-167	-370	21917
-144	-245	-236	21933
235	-286	-173	21950
10	-529	-40	21966
-113	-679	6	21984
-311	-421	170	22000
-487	-142	384	22017
-575	139	669	22033
-670	-3	1142	22060
-1341	-240	1305	22079
-1038	-315	1290	22096
-585	-493	1031	22112
-660	-587	849	22129
-235	-195	955	22145
-211	248	1134	22163
-389	338	1261	22179
-359	91	1241	22196
-277	-252	1170	22212
-90	-448	1060	22228
-26	-495	1023	22245
-169	-471	1109	22261
-146	-347	1096	22278
-131	-159	1051	22295
-76	13	1033	22312
7	923	921	22372
25	1086	817	22387
101	1255	741	22404
198	1519	663	22420
187	1698	598	22437
214	1772	561	22453
262	1771	463	22470
150	1680	382	22486
205	1526	334	22505
266	1441	301	22521
138	1492	280	22538
20	1341	284	22555
-84	1265	286	22574
-10	1327	262	22590
48	1487	272	22607
4	1599	326	22623
8	1667	336	22655
147	1676	284	22672
69	1727	272	22688
37	1810	307	22705
-58	1858	367	22721
-10	1979	433	22738
11	2044	517	22754
303	1450	437	22771
436	834	354	22787
510	516	312	22804
833	527	236	22821
760	551	-11	22838
869	425	-375	22855
1059	-555	-938	22871
452	-385	-1049	22888
51	875	-690	22904
97	1618	-158	22975
281	1337	-357	22992
-28	1004	-305	23009
209	1164	-217	23027
123	1323	-116	23045
218	1328	-95	23061
136	1273	-99	23078
40	1275	-87	23094
129	1358	-34	23111
101	1484	41	23131
80	1562	65	23145
25	1694	40	23162
-25	1696	74	23178
107	1692	84	23195
-10	1474	2	23211
-132	1367	0	23228
-93	1479	55	23244
-63	1578	51	23260
-82	1482	9	23302
73	1457	-15	23319
21	1410	-73	23335
-109	1389	-44	23351
-17	1308	-50	23368
-175	1203	-68	23385
-208	1147	-23	23402
-119	1135	25	23418
-75	1139	49	23435
-121	970	11	23451
-196	897	26	23470
-86	956	38	23486
-100	934	42	23513
-141	860	36	23529
-221	788	22	23546
-205	790	12	23562
-213	815	24	23579
-181	775	37	23596
-329	668	36	23637
-262	594	22	23654
-268	506	34	23672
-233	424	53	23688
-235	359	110	23705
-284	301	176	23721
-327	230	210	23738
-463	199	236	23755
-568	332	329	23771
-548	487	399	23788
-674	714	495	23804
-741	953	562	23821
-810	949	607	23838
-761	887	678	23854
-842	894	826	23871
-965	857	994	23900
-1001	872	1063	23915
-1026	931	1136	23934
-1026	1135	1201	23952
-371	1489	1205	23993
-301	1686	1199	24010
-87	1834	1185	24028
88	1858	1152	24045
189	1753	1232	24061
323	1649	1272	24078
461	1639	1118	24094
338	1678	1063	24111
620	1429	1051	24127
621	1363	1072	24144
570	1406	1135	24160
596	1650	1251	24186
575	1724	1316	24203
533	1739	1289	24220
553	1577	1344	24236
608	1458	1341	24253
690	1353	1294	24270
765	1277	1259	24286
769	1486	1266	24327
622	1591	1275	24344
590	1694	1232	24360
454	1751	1154	24377
397	1752	1045	24394
304	1700	843	24411
312	1582	719	24428
380	1396	541	24447
306	1379	411	24463
290	1285	291	24481
409	1141	137	24497
365	1154	40	24514
334	1268	-22	24531
218	1365	-87	24547
153	1413	-172	24564
84	1476	-258	24580
-56	1579	-268	24597
-95	1609	-217	24613
163	289	296	24664
793	-75	221	24684
727	190	102	24699
430	290	-47	24716
630	55	-299	24734
774	-77	-552	24751
587	223	-655	24767
508	92	-223	24784
432	-284	43	24800
43	-690	-199	24817
301	-525	-434	24833
998	87	-680	24850
705	114	-844	24866
375	368	-650	24884
18	447	-582	24900
37	207	-688	24917
127	-18	-921	24933
217	-187	-1175	24952
141	-227	-1107	24969
-11	237	-720	25011
-111	63	-594	25027
-132	-103	-630	25044
-185	-104	-662	25060
-32	-155	-632	25076
-1	-185	-564	25093
118	-207	-571	25109
156	-209	-634	25127
50	-202	-633	25143
62	-202	-646	25160
31	-262	-605	25176
85	-284	-572	25192
141	-278	-589	25209
64	-283	-613	25227
-52	-218	-556	25244
-136	-97	-530	25260
-43	93	-533	25276
-36	174	-534	25293
-66	163	-541	25309
-203	182	-515	25350
-90	0	-384	25390
-187	-249	-253	25407
-35	-371	-191	25423
95	-515	-162	25440
-77	-375	-90	25456
-159	-148	-1	25473
-406	124	162	25489
-750	337	476	25508
-682	515	820	25524
-574	367	1240	25541
-719	-158	1567	25557
-1069	-604	1631	25574
-870	-691	1545	25590
-213	-393	1242	25607
196	-671	1414	25648
209	-748	1530	25664
465	-857	1548	25680
612	-793	1499	25697
395	-615	1598	25713
245	-258	1686	25730
119	235	1752	25747
-73	537	1833	25764
-242	667	1816	25781
-385	740	1702	25797
-370	706	1610	25814
-272	573	1366	25832
-206	442	1115	25848
-40	497	857	25866
-4	527	544	25882
176	449	286	25899
351	737	-321	25940
246	809	-524	25957
273	837	-677	25974
450	857	-796	25990
390	788	-817	26007
434	495	-794	26025
606	224	-696	26042
536	605	-419	26058
123	1191	-8	26075
-54	869	436	26091
489	-277	559	26108
518	-786	375	26124
809	-846	59	26141
1150	-184	-727	26157
1206	674	-1356	26173
750	-1329	671	26204
-267	-353	-164	26245
1242	-1228	-1363	26262
983	-438	-1351	26278
30	454	-653	26306
-127	350	-517	26323
-61	63	-835	26341
-13	-309	-1207	26357
-5	-517	-1290	26374
-63	-683	-1152	26390
-139	-592	-885	26407
-74	-424	-803	26423
52	-293	-855	26442
-32	-222	-903	26458
-121	-212	-890	26475
-279	-248	-772	26491
-159	-135	-771	26507
1	-39	-812	26524
-50	-18	-800	26541
-2	-1	-711	26558
-23	-125	-810	26600
-114	-104	-797	26616
-29	-29	-741	26633
-2	23	-718	26649
-74	29	-689	26666
-192	30	-674	26683
-424	85	-634	26699
-263	187	-537	26716
-85	-26	-376	26732
-85	-352	-187	26749
132	-640	-88	26765
-7	-689	112	26782
-294	-559	315	26801
-637	-405	715	26818
-615	-314	1114	26835
-586	-287	1403	26851
-1448	-245	1853	26883
-285	46	1539	26900
233	145	1345	26916
43	-339	1533	26935
-125	-596	1726	26950
641	-1131	1505	26984
560	-1218	1593	27004
205	-919	1652	27020
113	-447	1709	27036
-14	-19	1746	27053
-109	172	1773	27070
-300	315	1776	27087
-409	484	1672	27103
-489	608	1577	27120
-530	640	1431	27137
-467	660	1181	27153
14	475	265	27203
145	465	-43	27220
261	531	-338	27236
458	592	-699	27253
512	740	-858	27269
381	972	-966	27286
591	959	-1082	27304
711	810	-1122	27321
276	133	-1087	27339
832	-294	-862	27356
78	780	54	27373
-146	730	793	27389
450	140	978	27406
332	-200	402	27432
976	-398	-327	27449
944	-514	-991	27466
1125	-251	-1416	27482
762	-1375	-589	27499
-1278	1004	515	27541
458	-597	-603	27558
1251	-1237	-1243	27574
665	-499	-1119	27593
119	108	-849	27610
-181	412	-450	27626
-70	440	-544	27643
94	320	-820	27659
214	79	-1096	27676
239	-100	-1144	27693
111	-166	-1001	27709
34	-169	-930	27726
-66	-371	-976	27743
-86	-507	-1009	27759
-173	-605	-951	27775
-174	-422	-995	27792
88	-307	-960	27808
171	-218	-941	27827
23	-161	-830	27868
7	-198	-748	27885
126	-210	-766	27902
40	-230	-782	27919
-106	-221	-765	27936
-44	-178	-756	27952
29	-119	-733	27969
-18	-125	-683	27985
12	-123	-644	28002
-247	-183	-564	28018
-409	-168	-431	28035
-105	-175	-390	28052
-47	-226	-206	28069
168	-465	-27	28088
-78	-621	62	28104
-208	-568	68	28121
-257	-406	188	28137
-699	-192	448	28154
-978	-102	757	28171
-1211	-125	1729	28212
-1298	-147	1914	28230
-370	-285	1666	28247
49	-316	1286	28263
-171	-423	1439	28280
93	-540	1452	28297
350	-744	1700	28313
467	-798	1678	28330
617	-777	1664	28356
400	-525	1659	28373
166	-267	1738	28390
232	-37	1732	28408
85	97	1749	28425
-85	382	1719	28441
-209	636	1661	28458
-395	784	1590	28474
-285	812	1038	28515
-194	766	798	28531
-17	670	493	28547
250	494	85	28564
274	495	-171	28581
323	516	-426	28597
447	483	-738	28615
425	512	-886	28631
379	614	-1001	28648
318	780	-1084	28664
353	675	-1081	28681
112	465	-906	28699
287	613	-631	28715
269	972	-228	28732
-65	981	343	28748
-11	270	555	28765
914	-871	-127	28806
925	-409	-928	28824
973	339	-1224	28840
675	695	-555	28856
1069	-831	680	28876
-82	11	700	28892
-508	-456	15	28909
1136	-775	-921	28925
1033	-649	-1130	28941
768	-283	-897	28958
-232	447	-392	28974
-29	378	-443	28991
82	66	-712	29007
-88	-134	-1095	29023
-39	-335	-1210	29040
28	-379	-1125	29056
-20	-214	-811	29098
-35	-179	-901	29114
-161	-111	-886	29132
-182	4	-792	29148
-66	-11	-699	29174
30	-29	-714	29191
27	-160	-762	29207
-109	-117	-703	29224
-37	-89	-692	29240
66	-47	-741	29257
-25	-145	-669	29272
-16	-181	-693	29288
-1	-150	-644	29305
-21	-143	-591	29321
-34	-132	-560	29338
-281	-21	-497	29382
-394	74	-417	29399
-113	169	-381	29416
-5	102	-293	29432
-51	-98	-134	29449
-199	-115	-43	29465
-204	-58	75	29482
-368	104	365	29499
-401	199	720	29515
-266	98	992	29532
-995	-175	1361	29548
-1332	-354	1515	29566
-810	-658	1509	29582
-664	-513	1165	29599
-809	-161	1096	29616
-104	-83	1163	29635
-177	-279	1223	29677
-51	-369	1136	29693
366	-571	1082	29710
339	-489	1051	29727
146	-267	1157	29743
196	109	1126	29760
74	379	1125	29776
59	551	1146	29793
89	663	1112	29810
137	747	1047	29826
102	917	964	29845
82	1100	854	29861
89	1262	757	29878
188	1399	614	29895
244	1392	515	29912
431	1267	363	29929
112	1685	176	29970
119	1763	127	29987
206	1971	44	30004
122	2164	64	30020
30	2463	128	30049
-223	2497	162	30076
-309	2026	153	30096
-228	1862	132	30113
-93	2016	170	30131
29	1990	166	30148
245	1429	124	30164
433	1104	118	30181
235	765	185	30198
384	394	170	30215
733	158	52	30232
388	-96	-117	30248
471	654	-1115	30289
83	1280	-520	30306
309	919	-143	30322
-17	1443	234	30341
-547	1809	280	30357
235	1806	-219	30375
388	1578	-462	30391
187	1255	-340	30408
182	1280	-194	30424
119	1364	-124	30441
119	1307	-109	30468
92	1280	-68	30485
84	1330	-23	30502
105	1424	44	30518
23	1484	88	30535
32	1435	76	30551
50	1414	34	30567
16	1389	12	30585
9	1423	32	30601
-16	1429	52	30618
-75	1493	69	30634
-132	1528	87	30651
-98	1529	98	30667
14	1566	116	30684
71	1541	127	30700
24	1482	122	30718
-166	1476	204	30760
-134	1413	182	30776
-91	1321	188	30794
-79	1242	198	30810
-174	1118	159	30825
-154	1087	150	30842
-201	1161	181	30858
-238	1236	177	30875
-160	1238	160	30891
-205	1228	157	30908
-231	1206	159	30925
-234	1100	151	30941
-274	986	140	30958
-296	912	136	30976
-309	883	121	30993
-276	811	117	31010
-347	671	67	31042
-383	645	77	31059
-385	624	70	31076
-374	570	63	31093
-343	541	83	31110
-329	479	96	31126
-284	491	114	31143
-482	559	194	31160
-504	603	267	31176
-535	681	342	31193
-628	785	460	31209
-708	894	607	31226
-825	1051	828	31245
-810	1107	1178	31271
-905	1161	1353	31288
-1255	1390	1630	31343
-1229	1529	1693	31359
-749	1821	1604	31376
-69	2031	1634	31393
260	2420	1448	31409
37	2493	1305	31426
114	2419	1266	31443
574	2106	1204	31459
1085	1870	1321	31476
1369	1654	1297	31493
1080	1595	1137	31512
1078	1588	1115	31528
1226	1429	1046	31545
1078	1549	1051	31562
942	1779	1090	31577
884	2004	1086	31594
706	2090	1109	31610
667	2017	1056	31627
687	1884	982	31644
503	1642	747	31686
403	1643	675	31702
306	1664	608	31719
180	1692	513	31735
228	1691	406	31752
206	1613	332	31768
121	1545	262	31786
67	1382	217	31805
77	1215	151	31822
68	1038	84	31838
32	815	8	31855
-120	865	-19	31871
-321	901	-78	31888
-147	745	-244	31904
294	414	-359	31921
553	258	-292	31939
144	518	67	31955
0	921	333	31972
381	209	258	32013
632	-177	-54	32029
1058	233	-464	32048
834	1063	-836	32064
363	367	107	32081
593	-461	612	32097
567	-389	336	32114
-148	-119	-275	32130
746	-188	-1067	32147
861	8	-1218	32163
185	680	-805	32180
-127	573	-563	32196
-167	277	-578	32213
-162	-271	-919	32229
-114	-515	-1183	32246
-88	-524	-1278	32262
-282	-377	-813	32280
-326	-395	-618	32297
74	71	-737	32338
-14	2	-726	32355
24	-34	-708	32371
114	66	-693	32388
157	135	-663	32404
-73	164	-604	32422
-95	197	-518	32438
40	306	-488	32455
170	263	-521	32471
69	198	-498	32488
25	143	-546	32504
-28	118	-612	32521
-16	134	-662	32547
-6	142	-682	32564
-118	110	-616	32581
-97	163	-421	32622
-37	26	-323	32638
-55	-156	-176	32654
113	-434	42	32671
56	-570	135	32687
-192	-458	248	32704
-694	-94	570	32720
-719	210	884	32737
-689	464	1306	32753
-868	473	1792	32769
-888	155	2109	32786
-758	-299	1984	32804
-468	-335	1686	32821
-265	-242	1491	32838
178	-298	1568	32854
567	-544	1584	32880
663	-408	1802	32921
411	-127	1794	32938
255	219	1779	32955
42	543	1843	32971
-160	778	1793	32988
-297	985	1748	33004
-531	1128	1710	33021
-450	1147	1594	33037
-501	1117	1390	33054
-344	874	1030	33073
-199	763	712	33088
-219	756	439	33105
-141	695	107	33121
116	682	-178	33138
203	679	-424	33154
119	622	-698	33171
560	827	-1041	33213
417	247	-1117	33229
797	-328	-1096	33246
291	291	-630	33262
80	834	-118	33279
135	374	573	33297
252	-308	745	33313
501	-1345	447	33331
878	-1684	-97	33347
1072	-758	-1214	33367
1170	359	-1721	33384
699	900	-979	33400
1280	-1542	366	33417
140	-833	619	33433
-741	-375	321	33450
687	-1779	-1236	33467
710	121	-1226	33508
-289	664	-523	33524
-225	255	-502	33541
57	-323	-914	33557
-93	-1005	-1189	33576
-56	-970	-1157	33593
24	-830	-914	33609
27	-797	-716	33626
277	-548	-863	33642
318	-532	-953	33659
61	-517	-831	33676
53	-551	-693	33692
-39	-487	-685	33709
-4	-380	-597	33725
-1	-299	-641	33742
-4	-319	-600	33758
-17	-241	-734	33800
-116	-183	-748	33817
-94	-28	-740	33836
-114	55	-715	33853
-109	140	-664	33868
-203	158	-616	33885
-361	38	-566	33901
-498	-25	-548	33918
-207	88	-475	33934
215	64	-315	33951
3	-35	-101	33967
-12	-229	-25	33984
-155	-244	126	34000
-301	-3	224	34017
-821	46	416	34033
-914	112	903	34050
-1302	-125	2223	34105
-732	-804	1792	34132
-123	-798	1347	34156
389	-944	1267	34173
815	-917	1469	34189
865	-886	1744	34206
590	-669	1892	34222
532	-309	1874	34238
507	-103	1779	34255
-77	392	1805	34271
-144	755	1777	34288
-234	1020	1716	34305
-413	1226	1692	34322
-509	1185	1680	34339
-512	1181	1545	34357
-535	1164	1321	34374
-14	720	325	34415
7	762	-34	34432
121	749	-310	34448
265	672	-567	34465
77	431	-875	34481
360	280	-1075	34498
530	386	-1155	34514
125	482	-1034	34531
429	-65	-1022	34547
966	-332	-939	34563
599	190	-504	34580
-39	751	310	34597
590	594	763	34624
221	72	506	34641
467	-746	-31	34657
1241	-1231	-828	34674
1147	-1224	-1357	34690
1037	640	-1453	34707
-149	1038	-687	34723
1115	-1409	36	34739
28	-1433	5	34756
-882	-1211	-194	34773
467	-965	-1050	34790
1189	-831	-1794	34807
1232	86	-1242	34823
-256	811	-571	34840
-353	662	-349	34858
-168	5	-654	34875
72	-993	-1181	34916
33	-747	-987	34934
-162	-573	-745	34951
-85	-375	-766	34967
154	-192	-876	34984
155	-295	-855	35000
-22	-271	-718	35017
172	-405	-811	35034
125	-364	-775	35050
-136	-383	-684	35067
-122	-353	-624	35083
114	-178	-664	35102
-37	-159	-724	35118
-98	-65	-697	35135
-41	121	-719	35151
-14	253	-735	35168
-139	373	-679	35201
-245	163	-669	35217
-441	36	-656	35234
-284	75	-536	35251
159	41	-422	35268
-63	-121	-178	35285
115	-402	-57	35301
76	-445	32	35318
-111	-245	98	35335
-785	-23	340	35351
-840	43	806	35371
-405	108	1057	35386
-590	59	1727	35402
-1170	-127	2117	35419
-662	-829	1836	35443
-5	-774	1474	35499
263	-772	1596	35516
485	-830	1627	35533
172	-753	1780	35549
475	-597	1722	35566
552	-329	1637	35583
129	109	1661	35599
-74	581	1760	35616
-40	651	1675	35633
-180	827	1614	35652
-226	845	1593	35668
-167	959	1454	35685
-241	1042	1253	35701
-229	959	995	35719
26	892	667	35736
179	886	291	35753
209	941	-23	35769
370	908	-326	35786
468	816	-635	35803
689	451	-1118	35845
551	587	-1158	35861
356	550	-1136	35878
333	525	-1019	35895
196	744	-603	35913
494	731	-218	35930
331	31	375	35947
681	-619	442	35965
711	-923	206	35981
819	-377	-142	35998
613	443	-652	36015
-127	38	-228	36031
678	-1260	329	36048
901	-396	418	36065
-237	221	74	36082
-190	-806	-905	36098
1283	-789	-1650	36115
463	-156	-1182	36133
-245	700	-324	36174
7	281	-589	36190
87	-286	-891	36208
6	-411	-918	36224
-3	-441	-814	36241
-198	-475	-674	36258
-226	-409	-598	36274
-116	-156	-629	36291
269	60	-768	36307
200	61	-689	36324
141	117	-644	36340
99	-63	-662	36357
12	-157	-641	36373
-70	-204	-637	36389
-39	-101	-652	36408
-22	-45	-649	36424
-104	177	-665	36466
-11	315	-640	36483
-79	374	-553	36500
20	367	-502	36516
-241	150	-488	36533
-480	81	-435	36549
-397	81	-353	36566
37	4	-370	36582
-181	-11	-231	36598
1	-143	-124	36615
111	-384	-49	36631
-245	-395	115	36648
-569	-181	792	36683
-506	-323	1075	36700
-523	-402	1487	36717
-144	-1281	1605	36757
-1058	-1533	1398	36774
-1428	-1061	1485	36790
-104	-1256	1248	36807
1031	-1327	1005	36823
956	-895	1085	36840
224	-375	1348	36856
466	-395	1356	36873
762	-395	1276	36890
108	-139	1297	36908
91	-159	1110	36923
222	-168	913	36939
97	14	775	36956
-29	200	639	36972
-62	296	517	36991
-138	430	331	37007
128	-58	-343	37048
482	-161	-694	37065
425	21	-904	37081
314	398	-965	37098
232	335	-910	37115
157	-51	-897	37131
121	-180	-832	37148
70	149	-696	37166
-142	847	-242	37183
-239	832	105	37201
2	-167	342	37217
534	-555	331	37234
875	-306	84	37250
324	-342	-84	37267
712	-380	118	37283
-32	-91	128	37300
-4	706	-200	37341
-59	599	-144	37357
-5	368	-223	37374
1	350	-342	37390
133	149	-417	37407
-34	123	-361	37424
-87	110	-284	37440
-95	67	-216	37459
40	58	-255	37475
77	58	-293	37493
51	43	-304	37510
65	95	-276	37526
-53	203	-170	37543
-64	203	-137	37559
2	197	-168	37576
21	234	-168	37592
4	97	-109	37635
-37	35	-102	37652
3	22	-74	37668
-23	33	-42	37685
35	3	-38	37700
54	-23	-71	37717
28	7	-95	37734
15	81	-66	37751
34	123	-19	37768
60	56	-38	37785
49	-111	-95	37802
-39	-215	-142	37818
-15	-185	-174	37835
-82	-152	-201	37852
-60	-136	-195	37868
40	-69	-169	37885
-52	171	-183	37926
-142	373	-131	37943
-214	472	-92	37959
-180	418	-74	37976
-141	254	-68	37995
-132	143	-85	38011
-124	134	-49	38029
-188	153	-2	38046
-172	103	36	38062
-142	25	46	38079
-85	-91	42	38098
-70	-21	18	38114
-144	108	-24	38131
-119	147	-30	38148
-102	147	24	38164
-101	61	43	38206
-115	-19	2	38223
-109	-49	-4	38240
-99	-57	14	38256
-41	-60	18	38274
-25	-62	24	38291
-55	-45	21	38307
-78	-15	22	38324
-62	15	27	38341
-68	-55	32	38357
-43	-121	14	38374
-26	-126	-4	38391
-26	-98	-11	38407
-28	-85	-18	38424
-22	-42	-14	38440
-44	-5	-10	38456
88	-411	-263	38472
1154	-126	-433	38513
1434	-23	-521	38530
587	-32	22	38550
-40	-366	151	38568
87	-418	230	38584
200	-506	233	38601
297	-463	170	38617
386	-402	121	38634
555	-389	112	38650
819	-163	157	38667
486	25	131	38683
368	252	173	38700
393	297	69	38716
301	-3	-230	38732
156	-29	-221	38749
395	168	-189	38791
118	404	-271	38807
195	691	-298	38833
269	725	-350	38850
0.000000	0.000000	0.000000	11
0.000000	0.000000	0.000000	75
0.000000	0.000000	0.000000	139
0.000000	0.000000	0.000000	203
0.000000	0.000000	0.000000	267
0.000000	0.000000	0.000000	331
0.000000	0.000000	0.000000	395
0.000000	0.000000	0.000000	459