		
82	-27	24	3486
62	-35	8	3499
62	-25	-3	3510
64	-20	-7	3517
49	-12	-14	3525
40	-9	-13	3532
28	7	-12	3539
25	12	-13	3547
9	-2	-10	3554
2	-15	-11	3561
-1	-46	-11	3569
2	-68	-13	3580
-11	-72	-16	3591
-37	-43	-16	3602
-37	-18	-17	3613
-38	-13	-24	3626
-43	-11	-29	3637
-34	-6	-22	3649
-42	-1	-24	3660
-31	-9	-26	3671
-25	-8	-26	3682
-35	6	-26	3693
-48	14	-24	3704
-48	-4	-26	3716
-43	-17	-28	3728
-49	-9	-30	3739
-55	-2	-32	3751
-56	-4	-37	3762
-54	-26	-48	3774
-53	-60	-54	3785
-56	-62	-57	3798
-75	-54	-51	3810
-70	-60	-47	3821
-62	-73	-47	3832
-56	-69	-46	3843
-56	-37	-35	3855
-50	-28	-28	3866
-45	-40	-21	3878
-28	-55	-28	3889
-28	-59	-27	3901
-30	-59	-22	3912
5	-52	-18	3953
6	-35	-16	3962
-8	-28	-14	3973
23	5	-19	3985
9	20	-15	3996
8	44	-13	4010
7	36	-18	4021
14	19	-18	4032
26	-2	-19	4043
22	-7	-17	4055
20	27	-21	4067
25	80	-24	4078
21	106	-16	4090
25	77	-19	4101
39	48	-20	4112
36	47	-18	4124
29	103	-21	4135
47	137	-18	4146
59	118	-11	4158
48	43	-15	4169
47	20	-3	4180
74	14	-2	4194
79	16	-2	4205
79	29	-4	4216
76	49	-9	4227
69	60	-12	4239
63	28	-13	4251
80	-6	-19	4262
79	-24	-21	4274
88	-22	-33	4285
73	-3	-31	4296
66	4	-34	4308
72	-8	-33	4319
87	-56	-30	4330
102	-87	-34	4342
91	-109	-31	4353
122	-115	-34	4364
135	-104	-29	4379
135	-70	-12	4390
161	-74	-4	4401
165	-107	3	4413
185	-142	9	4424
219	-148	22	4447
228	-121	35	4457
256	-95	43	4469
300	-85	74	4480
369	-95	97	4491
404	-102	127	4503
468	-60	185	4514
529	-24	229	4526
583	5	275	4537
639	29	311	4548
714	96	358	4561
740	146	396	4573
780	181	425	4584
828	171	463	4595
871	154	475	4607
912	125	479	4619
992	116	499	4630
1002	107	508	4641
991	128	538	4653
1016	146	578	4664
1068	149	624	4675
1016	193	640	4687
1000	301	687	4700
998	402	710	4711
929	455	617	4722
723	431	436	4735
615	568	428	4746
436	640	371	4757
299	673	291	4768
44	570	160	4780
-104	439	65	4791
-245	285	-38	4803
-378	128	-138	4814
-589	-66	-297	4825
-715	-149	-398	4837
-801	-212	-499	4848
-947	-300	-647	4860
-1111	-326	-734	4871
-1250	-300	-810	4882
-1399	-208	-910	4896
-1464	-131	-984	4907
-1520	-34	-1054	4917
-1715	175	-1173	4937
-1801	278	-1194	4948
-1812	377	-1200	4959
-1772	491	-1221	4971
-1786	535	-1217	4983
-1790	574	-1225	4994
-1749	586	-1235	5005
-1751	555	-1211	5019
-1640	550	-1163	5030
-1591	507	-1134	5041
-1543	468	-1122	5053
-1467	382	-1116	5065
-1400	306	-1087	5076
-1342	243	-1044	5087
-1299	182	-986	5099
-1212	59	-857	5110
-1129	-70	-768	5121
-1024	-193	-644	5133
-898	-305	-502	5144
-646	-430	-299	5156
-480	-447	-171	5167
-301	-366	-68	5178
-114	-134	47	5190
-13	55	135	5203
118	222	244	5214
307	332	410	5226
432	379	528	5237
652	434	647	5248
766	498	754	5259
879	652	875	5270
809	433	728	5282
476	219	524	5294
211	375	575	5305
480	667	666	5317
782	1088	733	5330
692	1080	787	5341
678	953	868	5352
814	709	909	5364
869	266	1023	5376
697	91	1142	5387
727	-33	1189	5398
955	-371	886	5419
809	-271	828	5428
634	-23	790	5439
589	592	726	5451
471	767	709	5462
332	725	707	5473
268	502	713	5485
371	132	711	5496
350	22	717	5507
314	74	709	5519
314	7	698	5530
296	-27	677	5541
357	-99	649	5554
300	-145	585	5566
277	-67	544	5577
246	-40	536	5588
275	-85	526	5599
260	-168	497	5611
273	-155	504	5622
276	-54	501	5634
247	1	492	5647
336	-41	503	5658
294	-96	522	5669
347	-113	547	5681
375	-126	560	5692
415	-109	581	5703
456	-56	591	5714
455	-50	618	5725
478	-71	625	5738
512	-96	625	5749
501	-121	620	5760
467	-133	607	5772
460	-122	599	5783
458	-146	604	5794
525	-225	588	5806
533	-275	558	5817
577	-326	539	5828
593	-313	538	5840
586	-232	567	5851
575	-200	603	5862
581	-157	596	5874
572	-167	585	5885
617	-198	592	5906
633	-209	599	5916
640	-242	616	5927
672	-270	636	5939
723	-285	628	5950
745	-381	648	5962
804	-447	636	5975
788	-474	636	5986
796	-435	631	5998
815	-274	640	6009
833	-159	686	6020
849	-162	756	6031
868	-298	799	6042
962	-476	859	6053
1076	-729	1004	6066
1094	-860	1064	6077
1215	-937	1089	6088
1394	-1020	1195	6100
1808	-960	1399	6111
2102	-818	1473	6122
2163	-616	1452	6134
2000	-754	1236	6145
1889	-795	1159	6156
2012	-6	1144	6168
1837	1479	1005	6179
1598	3347	901	6190
1472	3029	865	6202
893	1567	812	6213
871	836	860	6226
986	272	692	6237
852	-510	623	6249
946	-1029	482	6260
889	-1660	115	6271
761	-1829	-182	6282
728	-1967	-271	6293
765	-2124	-295	6305
260	-1991	-557	6316
-257	-1847	-723	6328
-810	-1889	-818	6339
-1255	-1972	-976	6350
-1275	-2039	-1067	6362
-1246	-2067	-1175	6373
-1814	-1185	-1264	6398
-2321	-662	-1204	6409
-2775	-70	-1118	6420
-3111	680	-1105	6432
-3115	1047	-1166	6443
-3073	1229	-1291	6454
-3067	1150	-1443	6465
-3230	573	-1720	6476
-3351	127	-1889	6487
-3504	-233	-1988	6498
-3591	-559	-2110	6510
-3589	-856	-2132	6521
-3576	-838	-2281	6532
-3675	-533	-2316	6544
-3869	-43	-2279	6555
-4027	845	-2217	6567
-4010	1413	-2123	6580
-3839	1742	-2001	6591
-3748	1674	-1824	6602
-3491	1595	-2027	6613
-3436	1534	-1989	6624
-2953	1374	-1826	6637
-2689	1268	-1669	6648
-2418	942	-1497	6659
-2339	210	-1200	6670
-1225	-404	-613	6682
-133	-426	-130	6695
514	-72	527	6706
751	618	798	6717
937	1232	1036	6728
939	1705	1452	6739
1353	1302	1769	6751
2500	506	1920	6762
3176	-421	1378	6773
1288	-107	426	6784
814	1184	989	6795
1002	1554	1764	6806
710	1675	1876	6817
839	2276	1702	6829
1760	2662	1421	6841
1001	530	1587	6852
863	-276	1432	6873
1105	-634	1190	6883
986	-888	1028	6894
657	-584	892	6905
760	142	878	6917
707	102	941	6928
639	2	950	6939
540	10	863	6950
436	-96	772	6961
450	-317	706	6973
545	-362	633	6984
551	-320	566	6996
458	-410	556	7007
494	-496	568	7020
523	-567	557	7031
533	-469	581	7042
539	-251	604	7053
473	-73	633	7065
400	16	647	7076
399	-64	660	7087
453	-188	655	7098
529	-292	658	7109
569	-320	679	7120
537	-238	700	7131
481	-210	696	7143
442	-216	703	7154
481	-262	708	7165
548	-286	709	7176
534	-331	687	7188
531	-376	674	7199
565	-356	653	7210
537	-399	640	7221
602	-452	633	7233
612	-431	630	7244
647	-438	649	7255
667	-311	681	7266
679	-245	694	7277
693	-265	711	7289
776	-434	749	7302
863	-519	776	7313
942	-530	800	7324
1010	-470	817	7335
1089	-388	866	7356
1134	-429	901	7365
1210	-528	1022	7376
1284	-619	1157	7388
1313	-763	1200	7399
1206	-1066	1324	7410
1381	-1451	1583	7421
1864	-1549	1621	7433
2333	-1641	1546	7444
2669	-1975	1479	7455
2482	-2604	1359	7466
2477	-2685	1095	7477
2643	-1083	682	7491
2555	2759	447	7502
1865	3728	778	7512
1249	3407	847	7524
-122	1786	543	7535
-629	657	835	7546
957	-468	736	7557
1491	-947	582	7568
808	-1337	392	7579
107	-1580	47	7590
-15	-1701	-219	7602
194	-1943	-409	7613
253	-2186	-594	7624
21	-2331	-837	7636
-818	-2368	-1028	7647
-1301	-2353	-1103	7660
-1539	-2304	-1157	7672
-1600	-1999	-1216	7683
-1823	-1308	-1263	7694
-2224	-690	-1291	7705
-2545	-207	-1275	7716
-2923	208	-1264	7727
-3127	510	-1298	7738
-3205	694	-1381	7749
-3204	775	-1534	7760
-3296	723	-1796	7772
-3550	424	-1940	7783
-3845	-96	-2028	7795
-3827	-713	-2150	7808
-3705	-908	-2222	7819
-3799	-312	-2307	7838
-3997	279	-2370	7848
-4216	917	-2433	7859
-4363	1570	-2459	7870
-4352	2292	-2409	7882
-4199	2367	-2402	7893
-3966	2225	-2438	7904
-3669	1991	-2255	7915
-3347	1789	-2103	7926
-2980	1230	-1744	7937
-2706	845	-1457	7948
-1609	-224	-886	7962
9	-564	-406	7974
1101	-518	170	7985
1251	-33	570	7996
1374	1394	1083	8007
1521	1984	1562	8018
1638	1614	2119	8029
2252	259	2210	8040
2713	-656	1118	8051
1161	1325	997	8063
951	2192	1511	8074
658	2167	1761	8085
226	1913	1809	8097
1074	2317	1610	8108
1867	1412	1527	8121
1054	-398	1582	8133
885	-150	1358	8144
806	84	1179	8155
767	99	1077	8167
703	165	996	8178
689	140	1006	8189
657	192	946	8200
702	109	857	8211
607	57	794	8223
548	88	763	8234
429	107	735	8245
378	5	726	8256
392	-170	696	8267
358	-194	652	8279
282	-97	641	8293
280	-39	641	8303
285	-100	634	8322
277	-176	622	8333
276	-195	598	8345
282	-172	567	8356
355	-111	554	8367
409	-116	552	8378
424	-192	550	8389
413	-259	547	8401
397	-309	576	8413
419	-364	598	8424
412	-450	613	8435
387	-468	575	8447
580	-672	587	8460
727	-706	576	8471
784	-407	604	8482
581	-178	633	8493
485	-46	642	8505
501	-59	658	8516
614	-255	647	8527
646	-327	666	8538
690	-357	682	8549
752	-364	689	8561
780	-395	709	8572
831	-513	723	8583
880	-621	734	8594
956	-633	735	8605
1060	-556	762	8616
1113	-342	789	8628
1058	-223	826	8641
1180	-468	907	8653
1241	-567	1048	8664
1343	-705	1174	8675
1370	-1017	1242	8686
1396	-1389	1294	8697
1866	-2034	1408	8709
2330	-2373	1461	8720
2830	-2594	1419	8731
3298	-2303	1259	8742
3187	-2396	944	8754
2819	-1480	561	8765
2196	1959	309	8778
188	4532	473	8803
-272	4361	460	8812
673	2726	777	8823
807	552	848	8835
1074	-249	765	8846
1110	-525	589	8857
790	-641	79	8868
478	-774	-155	8879
420	-1054	-275	8891
324	-1352	-307	8902
-29	-1687	-491	8913
-372	-1760	-651	8924
-785	-1874	-829	8935
-1286	-2020	-968	8947
-1549	-2064	-1073	8959
-1695	-2056	-1207	8972
-1772	-1851	-1406	8983
-1782	-1585	-1522	8994
-1999	-1094	-1547	9006
-2306	-672	-1518	9017
-2742	-44	-1471	9029
-3044	495	-1466	9040
-3290	906	-1498	9052
-3409	1202	-1571	9063
-3567	1121	-1691	9074
-3544	873	-1888	9086
-3520	323	-2068	9099
-3589	-134	-2150	9110
-3507	-414	-2199	9121
-3501	-569	-2269	9133
-3628	-442	-2217	9144
-3665	-47	-2093	9155
-3736	557	-2058	9166
-3810	1513	-1928	9177
-3725	1693	-1861	9188
-3699	1570	-1796	9200
-3554	1247	-1777	9211
-3340	1066	-1819	9222
-2936	481	-1787	9233
-2705	95	-1698	9245
-2511	80	-1513	9257
-1957	-33	-1033	9268
-1450	-568	-455	9283
-1114	-646	-297	9292
194	-672	270	9305
539	-494	693	9317
1065	215	1020	9329
1394	759	1288	9340
1412	1123	1465	9351
1512	1427	1573	9363
1584	798	1291	9374
819	676	665	9385
450	1419	726	9397
859	2185	1163	9410
675	1853	1363	9421
820	1291	1464	9432
1247	1324	1426	9443
981	1303	1544	9454
1231	654	1711	9466
1459	63	1626	9477
1073	-308	1124	9488
765	-329	944	9499
869	306	848	9510
935	692	925	9521
654	363	924	9532
637	-18	839	9544
813	-368	770	9555
755	-319	715	9567
466	-99	645	9578
359	-46	588	9590
362	-17	549	9601
345	-63	513	9612
278	-248	473	9626
278	-315	440	9638
354	-389	430	9649
381	-441	428	9660
384	-487	419	9672
351	-483	436	9683
317	-408	459	9694
399	-397	538	9705
456	-410	545	9717
505	-413	525	9728
512	-298	553	9741
512	-218	590	9751
540	-135	628	9770
585	-80	652	9781
599	16	671	9793
626	97	642	9804
617	63	605	9815
637	9	575	9826
651	-39	558	9837
649	-128	555	9848
650	-173	538	9859
632	-214	517	9871
611	-228	515	9882
599	-215	516	9893
584	-208	546	9904
573	-227	536	9916
593	-230	544	9927
603	-246	558	9940
625	-214	564	9952
645	-209	565	9964
654	-216	553	9975
655	-207	524	9986
711	-312	543	9997
899	-425	555	10009
908	-419	603	10020
919	-422	648	10031
961	-426	693	10042
961	-531	781	10054
931	-703	861	10065
893	-994	1008	10078
1102	-1096	973	10089
1345	-1217	988	10101
1555	-1134	1102	10112
1840	-1079	1259	10123
2045	-1191	1349	10134
2225	-1352	1442	10145
2392	-1608	1495	10156
2361	-1542	1258	10168
2214	-1812	829	10179
1868	-737	471	10190
1591	1789	126	10201
906	4429	304	10212
335	5536	660	10226
1264	2382	871	10246
1546	351	799	10256
1718	-204	638	10267
1600	-477	438	10278
1127	-752	155	10290
658	-1023	10	10301
341	-1336	-84	10312
338	-1626	-181	10324
334	-1829	-342	10335
266	-1874	-581	10346
193	-1864	-864	10357
-190	-1878	-1191	10369
-541	-1869	-1335	10380
-861	-1820	-1412	10393
-1085	-1614	-1566	10404
-1193	-1473	-1689	10415
-1213	-1055	-1759	10426
-1370	-452	-1846	10438
-1943	617	-1874	10449
-2263	1184	-1873	10460
-2321	1689	-1911	10471
-2359	2041	-1987	10482
-2481	2106	-2084	10493
-2633	1815	-2278	10504
-2725	1432	-2458	10515
-2709	913	-2751	10529
-2680	756	-2880	10541
-2677	839	-2914	10552
-2579	1116	-2882	10563
-2398	1746	-2781	10574
-2349	2273	-2590	10585
-2442	2719	-2458	10597
-2909	3404	-2415	10608
-2943	3813	-2365	10620
-2692	4041	-2370	10631
-2444	4050	-2376	10642
-2250	3991	-2390	10653
-2153	3908	-2184	10665
-1914	3952	-2006	10678
-1590	3888	-1721	10689
-1390	3802	-1515	10700
-1329	3587	-1265	10711
-1159	2828	-806	10730
-996	2254	-509	10740
-667	1853	-253	10751
-370	1493	-34	10762
-407	2844	395	10774
-856	4543	1116	10785
2672	2336	1378	10796
3945	-1252	2593	10808
186	-2085	2352	10819
-301	-897	2085	10832
-61	-890	1912	10843
-139	-958	1004	10854
-130	1151	717	10865
357	3477	731	10877
972	2731	815	10888
-637	193	1029	10899
-24	331	840	10910
208	178	615	10922
-127	245	394	10933
-155	707	331	10944
-154	535	336	10956
-76	394	240	10967
74	262	249	10980
-92	204	317	10991
-166	354	397	11002
-69	459	412	11013
-94	428	385	11024
-186	463	368	11035
-279	552	299	11046
-312	563	219	11057
-326	468	173	11068
-404	470	172	11080
-322	307	157	11092
-179	132	115	11103
-310	271	134	11114
-437	461	125	11125
-444	588	97	11136
-414	658	62	11149
-454	642	27	11161
-431	553	-12	11172
-404	412	-40	11183
-386	297	-37	11193
-365	107	-62	11212
-378	125	-55	11223
-292	234	-29	11234
-244	267	-6	11245
-236	291	-2	11256
-225	380	42	11267
-86	210	48	11278
-34	192	78	11289
-73	346	111	11300
-58	380	116	11312
-32	350	120	11324
-38	379	104	11335
-13	405	82	11346
28	510	77	11357
32	547	81	11368
33	490	78	11380
67	427	69	11393
100	385	51	11404
115	349	40	11415
133	327	27	11426
135	308	23	11437
114	286	16	11448
137	343	-13	11459
146	354	-21	11471
125	385	-32	11482
101	410	-35	11494
76	399	-40	11505
83	399	-56	11516
106	390	-71	11527
129	365	-78	11539
143	361	-75	11550
138	382	-75	11561
130	426	-84	11572
163	372	-83	11583
209	306	-72	11595
312	326	-64	11608
302	346	-66	11619
396	300	-86	11630
416	281	-86	11641
435	236	-99	11652
551	89	-130	11664
705	17	-167	11685
783	9	-184	11695
871	11	-193	11707
983	3	-200	11718
1077	-2	-183	11729
1144	27	-193	11740
1254	32	-90	11751
1271	249	-111	11762
1555	804	-262	11773
1760	1202	-265	11784
1476	1433	-275	11795
1505	1646	-340	11806
1655	1811	-402	11817
1734	2054	-493	11830
1743	2343	-604	11841
1721	2657	-716	11852
1735	3015	-778	11863
1692	3452	-868	11874
1657	3728	-909	11886
1693	3932	-944	11897
1626	3982	-1067	11908
1610	4140	-1007	11919
1651	4031	-1124	11931
1647	4153	-1054	11942
1834	4403	-1122	11953
1928	4706	-1156	11966
1639	4930	-1012	11978
878	5009	-886	11990
505	4851	-802	12001
342	4546	-754	12012
334	4162	-741	12023
442	3430	-792	12035
490	2863	-885	12046
403	2306	-981	12057
278	1840	-1070	12069
7	1310	-1175	12080
-52	1091	-1231	12091
-150	912	-1323	12102
-336	744	-1376	12114
-555	688	-1402	12127
-770	712	-1399	12138
-930	759	-1402	12149
-1229	918	-1435	12169
-1405	1022	-1447	12179
-1640	1189	-1448	12190
-1757	1304	-1439	12201
-1821	1439	-1434	12212
-1884	1569	-1442	12224
-1986	1761	-1461	12235
-2112	1804	-1504	12247
-2184	1839	-1563	12258
-2314	1748	-1545	12270
-2376	1663	-1533	12283
-2333	1693	-1662	12294
-2453	1718	-1856	12306
-2615	1673	-1851	12318
-2651	1647	-1757	12329
-2565	1551	-1643	12340
-2505	1506	-1562	12352
-2541	1406	-1475	12363
-2540	1362	-1389	12374
-2516	1250	-1290	12385
-2477	1154	-1234	12397
-2356	1076	-1185	12408
-2270	961	-1141	12419
-2145	788	-1056	12433
-2002	696	-967	12444
-1657	571	-766	12455
-1487	587	-551	12466
-1363	671	-381	12477
-1144	757	-218	12488
-822	684	64	12500
-550	612	252	12511
-237	660	444	12522
23	753	637	12534
364	913	890	12546
565	972	1006	12557
700	998	1126	12568
867	922	1254	12580
837	909	1285	12593
1131	365	1177	12604
882	-1001	614	12616
521	-873	536	12628
650	-404	648	12639
1001	-766	1357	12658
1125	723	1587	12668
1035	2079	1561	12680
1747	449	1301	12691
1109	-482	1354	12702
1023	67	1045	12714
663	-51	868	12725
510	-27	776	12736
590	401	660	12749
621	569	650	12761
611	218	657	12772
521	-226	683	12783
574	-467	658	12794
620	-475	610	12805
463	-277	577	12817
337	-119	533	12829
289	84	485	12840
329	153	479	12851
361	146	496	12862
421	87	500	12874
474	46	494	12885
552	173	468	12896
532	325	442	12907
329	535	538	12921
425	484	638	12932
528	-1	711	12943
724	-163	582	12954
717	72	598	12965
599	94	656	12977
569	93	687	12988
636	134	702	13000
639	152	730	13011
580	177	720	13022
557	280	660	13034
534	209	616	13045
551	-127	604	13056
528	-263	588	13068
481	-357	581	13081
485	-433	611	13092
501	-457	587	13103
542	-433	595	13114
788	-424	601	13136
819	-425	603	13145
913	-288	617	13156
953	-196	637	13167
964	-144	658	13178
985	-140	674	13190
997	-243	728	13201
1027	-389	762	13212
1079	-493	789	13224
1103	-555	778	13235
1234	-817	793	13248
1352	-865	814	13259
1313	-781	957	13270
1269	-810	960	13282
1420	-760	996	13294
1725	-673	1008	13305
1991	-389	1082	13316
1991	-281	1108	13328
2018	-445	1089	13339
2242	-630	994	13351
2406	-549	899	13362
2707	44	851	13373
2793	819	689	13385
2731	2123	727	13396
2081	2384	765	13410
839	2276	610	13422
115	1737	424	13433
-92	803	344	13445
1090	-397	414	13456
1749	-888	327	13468
1419	-1263	164	13479
610	-1403	-64	13491
428	-1366	-191	13502
352	-1311	-352	13514
236	-1116	-595	13525
-404	-910	-908	13536
-881	-955	-1060	13548
-1381	-1030	-1250	13561
-1622	-1044	-1352	13573
-1709	-942	-1461	13584
-1810	-794	-1593	13595
-2130	-198	-1683	13608
-2603	507	-1760	13623
-2877	883	-1817	13633
-3017	1135	-1879	13644
-3172	1293	-1970	13655
-3423	1298	-2134	13667
-3538	1196	-2284	13678
-3669	941	-2470	13690
-3899	453	-2760	13701
-4001	191	-2894	13715
-4012	-249	-2822	13726
-3857	-264	-2770	13738
-3709	64	-2791	13749
-3923	491	-2858	13760
-4431	1170	-2875	13772
-4414	1491	-2723	13783
-4262	1703	-2464	13794
-3956	1882	-2281	13805
-3130	1747	-2166	13817
-3063	1006	-2053	13828
-3009	434	-1754	13839
-2561	367	-1408	13851
-697	-791	-419	13872
793	-754	527	13886
1413	-546	940	13899
1651	200	1237	13912
1682	755	1550	13925
2285	-182	2029	13939
1282	-895	386	13954
951	1557	1234	13966
717	1890	1526	13979
1054	2033	1637	13992
1169	1719	1668	14005
1367	799	1475	14018
1333	31	1485	14030
1146	-486	1300	14044
961	-395	1086	14057
962	-279	996	14070
641	128	893	14083
603	506	904	14097
605	344	937	14110
589	-52	859	14123
398	-258	781	14150
385	-391	737	14161
455	-425	701	14174
466	-427	630	14187
494	-428	603	14200
481	-501	579	14213
506	-554	550	14226
621	-545	607	14241
491	-355	629	14253
451	-214	642	14266
505	-190	624	14279
550	-143	593	14292
573	-117	603	14305
544	-115	644	14318
577	-144	652	14331
608	-56	641	14345
628	-9	641	14358
623	-39	665	14373
665	-117	642	14386
734	-197	669	14399
755	-154	689	14411
771	-108	706	14426
794	-88	749	14439
861	-139	786	14452
923	-149	799	14465
1005	-214	820	14478
1056	-238	813	14491
1175	-177	826	14504
1247	-68	844	14517
1267	-40	881	14530
1331	-130	963	14543
1272	-375	1089	14556
1226	-917	1109	14569
1312	-1387	1144	14582
1743	-1760	1240	14595
2469	-2439	1467	14613
2661	-2706	1556	14626
3089	-2447	1171	14639
3068	-981	947	14652
3059	1102	683	14665
2035	2561	794	14678
1255	2682	870	14691
154	-668	1003	14726
581	-1370	734	14738
702	-1391	325	14751
649	-1296	-47	14764
592	-1445	-343	14777
298	-1414	-582	14790
-841	-1444	-812	14803
-1541	-1429	-932	14816
-1826	-1440	-1081	14829
-1513	-997	-1220	14842
-1568	-293	-1319	14855
-2429	362	-1356	14868
-2958	686	-1355	14881
-3280	979	-1477	14894
-3508	1066	-1667	14907
-3531	969	-1830	14920
-3464	665	-2178	14933
-3566	253	-2408	14946
-3754	-329	-2561	14959
-3968	-650	-2550	14973
-3995	-689	-2489	14986
-3949	-326	-2451	14999
-4037	322	-2614	15012
-4340	731	-2762	15025
-4575	1208	-2806	15039
-4435	1978	-2569	15054
-3972	2357	-2310	15067
-3555	2292	-2255	15080
-2947	1624	-1938	15092
-2869	1155	-1574	15105
-2174	-6	-917	15118
-1068	-676	-502	15131
818	-261	673	15145
1835	768	1439	15158
2172	1413	1830	15172
2296	1037	2268	15185
3098	-589	1754	15198
1329	-201	571	15211
909	2146	1467	15224
1037	2473	1934	15237
-48	2531	2268	15250
266	1925	1972	15263
1977	654	1577	15279
2158	-354	1536	15291
1682	-866	1524	15304
1739	-203	1238	15319
1272	11	1020	15332
528	330	837	15344
570	248	753	15357
592	-42	700	15370
552	-281	642	15384
479	-294	579	15397
369	-197	550	15410
187	-140	492	15424
121	-117	469	15437
225	-132	429	15450
254	-297	412	15465
339	-411	459	15478
356	-544	508	15491
391	-528	588	15505
430	-493	659	15518
401	-496	667	15531
312	-537	630	15544
326	-467	582	15557
214	-556	529	15570
359	-712	559	15583
564	-624	571	15596
727	-560	618	15610
663	-278	617	15623
630	-197	637	15636
674	-271	679	15649
759	-318	725	15662
877	-335	755	15675
994	-415	806	15688
1002	-362	826	15703
1095	-66	851	15718
1161	158	847	15731
1133	273	885	15744
1103	143	926	15757
1147	-183	945	15770
1176	-715	1064	15783
1162	-1088	1131	15796
1331	-1522	1057	15809
1912	-1692	1159	15823
2344	-1746	1343	15844
2687	-2047	1401	15857
2915	-2104	1255	15870
2858	-1471	1081	15884
2476	847	853	15897
1852	1941	759	15911
1147	2459	941	15924
264	2392	860	15937
104	1792	1119	15950
839	-1258	944	15963
874	-1745	792	15976
393	-1941	291	15989
229	-1732	58	16002
349	-1768	-130	16015
277	-1686	-377	16028
-358	-1643	-533	16041
-1545	-1587	-732	16056
-1995	-1540	-805	16070
-1751	-1327	-888	16083
-1588	-803	-941	16096
-1910	92	-1071	16110
-2635	533	-1138	16123
-2953	611	-1251	16136
-2886	513	-1509	16152
-2961	356	-1754	16165
-3288	141	-1950	16178
-3545	-134	-2044	16193
-3473	-345	-2090	16206
-3473	-271	-2060	16219
-3661	-172	-1974	16232
-3808	179	-1889	16246
-3675	626	-2018	16259
-3781	804	-2062	16272
-3816	1218	-2062	16285
-3900	1399	-2151	16299
-3869	1457	-2154	16312
-3608	1396	-2081	16325
-3164	1535	-2030	16338
-2892	1483	-1926	16351
-2815	1143	-1717	16365
-2181	672	-1204	16377
396	-668	291	16418
970	-174	706	16431
1701	860	1138	16443
2258	1251	1536	16457
2859	-329	1428	16470
1017	390	706	16483
1280	1168	1222	16496
1321	1992	1590	16509
959	2051	1664	16522
1336	1683	1557	16535
1915	1382	1279	16548
1172	711	1507	16561
841	47	1488	16574
1121	-89	1155	16587
1046	-215	957	16602
853	318	889	16616
803	622	967	16629
856	415	924	16642
746	-306	866	16655
568	-213	798	16668
493	-51	728	16681
397	105	653	16694
393	36	592	16707
415	-155	528	16720
427	-263	516	16733
391	-205	518	16748
364	-212	512	16761
346	-256	482	16774
328	-269	489	16787
325	-304	477	16801
381	-327	497	16814
388	-295	534	16827
388	-303	490	16840
316	-159	503	16853
301	-111	500	16866
375	-163	506	16879
418	-211	515	16893
427	-211	490	16906
426	-247	484	16919
476	-256	487	16932
532	-265	496	16945
571	-270	528	16960
605	-321	548	16981
658	-221	561	16994
658	-213	585	17007
623	-220	597	17020
694	-253	616	17033
809	-252	637	17046
854	-253	652	17059
916	-246	651	17072
973	-244	699	17085
1028	-100	746	17100
1045	-90	789	17113
1082	-263	850	17125
1115	-379	921	17138
1093	-469	973	17151
1071	-840	996	17164
1111	-1198	1082	17178
1325	-1248	1209	17191
1815	-1329	1387	17204
1929	-1603	1380	17217
1864	-2172	1206	17230
1607	-1919	784	17243
1586	-1056	711	17256
1871	676	746	17269
1816	1484	700	17282
1003	2467	553	17295
767	3250	655	17309
1137	3067	783	17323
1453	1213	602	17336
500	-1022	432	17350
412	-1388	313	17363
650	-1640	154	17377
914	-2103	-29	17390
827	-2201	-197	17403
415	-2169	-512	17416
-104	-2233	-793	17431
-550	-2293	-1029	17444
-838	-2438	-1119	17456
-993	-2381	-1244	17469
-971	-2030	-1356	17482
-1083	-1314	-1541	17495
-1384	-837	-1611	17508
-2109	366	-1633	17532
-2307	687	-1625	17542
-2608	995	-1714	17555
-2796	1004	-1854	17568
-2975	902	-2078	17581
-2914	816	-2214	17593
-2729	862	-2246	17606
-2363	1254	-2183	17619
-2140	1748	-2070	17632
-2241	2500	-2032	17645
-2516	3195	-1924	17661
-2264	3563	-1787	17674
-1895	3463	-1863	17689
-1807	3251	-1880	17703
-1662	3106	-1731	17715
-1515	3121	-1611	17728
-1318	2989	-1501	17741
-1255	2829	-1377	17754
-1197	2721	-1330	17767
-1191	2454	-1238	17780
-1147	2300	-1157	17793
-941	2297	-1060	17806
-876	2349	-982	17819
-823	2368	-922	17832
-737	2344	-812	17845
-649	2443	-762	17858
-466	2747	-665	17872
-358	2945	-548	17885
-316	2985	-452	17898
-259	3001	-312	17911
-12	3110	-132	17924
73	2972	22	17937
32	2709	276	17950
8	2471	434	17963
185	2134	619	17976
61	1401	981	17989
407	289	1206	18002
1068	-755	1242	18015
6	-659	1148	18028
-491	-163	1059	18042
-239	0	895	18056
40	1519	535	18069
-706	559	627	18106
-390	194	529	18117
-202	600	480	18130
-150	789	385	18143
-499	946	188	18156
-414	569	193	18169
-422	209	206	18182
-232	158	207	18195
-290	176	204	18208
-220	310	176	18221
-180	293	180	18234
-251	412	306	18248
-281	579	337	18261
-230	694	297	18274
-189	673	241	18287
-189	668	200	18300
-188	744	205	18313
-186	807	214	18326
-170	826	212	18339
-155	737	178	18351
-81	616	149	18364
-47	554	151	18377
-16	506	133	18390
-33	469	119	18403
-60	472	120	18417
-50	463	94	18430
-84	454	73	18446
-6	356	35	18459
-48	415	1	18472
-90	448	-24	18485
-121	405	-30	18498
-91	359	-16	18511
-92	318	10	18524
-114	297	-107	18537
-60	298	-86	18550
-13	274	-65	18563
13	258	-49	18576
15	258	-48	18589
16	314	-58	18602
41	326	-65	18614
66	320	-57	18628
90	329	-47	18642
111	338	-38	18663
166	289	-34	18675
185	256	-62	18688
168	296	-63	18701
178	299	-65	18714
203	262	-70	18727
226	231	-81	18740
228	215	-93	18752
247	221	-103	18765
256	237	-104	18779
278	269	-101	18794
305	275	-107	18807
336	203	-118	18820
362	164	-123	18832
418	124	-136	18846
457	132	-136	18859
491	121	-132	18872
548	108	-132	18885
589	66	-132	18898
656	14	-139	18911
699	-7	-130	18924
737	9	-144	18937
799	53	-182	18950
856	128	-213	18963
956	250	-245	18976
1026	300	-241	18989
1052	336	-240	19002
1081	309	-219	19015
1157	345	-220	19030
1193	580	-243	19043
1272	863	-297	19056
1332	1091	-346	19069
1321	1400	-371	19082
1433	1789	-379	19095
1604	2074	-388	19108
1817	2515	-405	19122
1909	2932	-479	19137
1891	3159	-646	19150
1902	3350	-686	19163
1933	3382	-925	19176
1688	3440	-994	19189
1404	3664	-753	19230
1313	3539	-830	19241
1162	3330	-873	19253
1016	2961	-814	19267
932	2712	-778	19280
897	2385	-807	19293
864	2211	-955	19306
735	2180	-1021	19319
510	2047	-1091	19332
254	1938	-1144	19345
64	1893	-1185	19358
-166	1830	-1238	19371
-296	1755	-1285	19384
-451	1661	-1373	19399
-526	1560	-1421	19412
-638	1543	-1521	19425
-797	1553	-1585	19438
-1060	1657	-1657	19451
-1283	1809	-1695	19465
-1402	1874	-1730	19478
-1605	1913	-1794	19491
-1835	1883	-1837	19506
-1925	1846	-1843	19519
-2036	1776	-1846	19532
-2150	1704	-1822	19545
-2237	1644	-1806	19558
-2357	1572	-1755	19572
-2388	1422	-1735	19585
-2379	1305	-1713	19598
-2410	1144	-1690	19611
-2456	1103	-1775	19624
-2659	1052	-1876	19637
-2807	1029	-1897	19650
-2959	1125	-1852	19663
-2840	1227	-1815	19676
-2800	1357	-1750	19689
-2757	1486	-1674	19702
-2689	1589	-1620	19715
-2555	1661	-1590	19730
-2497	1686	-1493	19743
-2317	1643	-1316	19755
-2154	1510	-1160	19768
-1368	809	-494	19795
-905	559	-255	19807
-537	246	5	19820
131	338	479	19833
609	566	803	19845
787	637	963	19859
1136	742	1217	19872
1312	953	1392	19886
1274	567	1270	19899
705	15	919	19912
591	562	868	19926
571	716	850	19939
557	712	1019	19952
738	296	1098	19965
1369	481	1078	19978
1397	1044	1329	19991
900	1118	1510	20004
897	610	1465	20018
857	-57	1182	20031
596	-519	1016	20044
533	-217	656	20057
686	581	676	20070
851	998	899	20083
580	475	854	20096
258	62	721	20111
288	-243	660	20124
415	-249	593	20138
446	-110	542	20151
356	131	540	20164
308	138	505	20177
275	42	557	20190
415	-314	609	20203
500	-276	633	20216
480	-245	640	20230
415	-229	634	20245
547	-304	690	20258
633	-296	649	20270
614	-206	640	20283
518	-48	638	20298
533	63	636	20310
509	96	627	20323
449	26	621	20336
523	-18	593	20352
538	-89	575	20364
592	-103	608	20377
524	-196	622	20390
526	-177	643	20404
521	-172	644	20417
498	-171	650	20430
518	-50	634	20443
537	-58	642	20456
583	-206	662	20471
654	-294	671	20485
707	-399	682	20497
692	-390	667	20511
700	-365	664	20524
741	-349	697	20537
835	-294	709	20550
931	-325	757	20563
913	-369	753	20576
881	-511	789	20589
842	-708	894	20602
894	-732	1002	20617
936	-864	976	20630
1028	-939	952	20643
1436	-829	1079	20656
1688	-776	1234	20670
1915	-973	1296	20683
2071	-1098	1313	20696
2304	-1382	1174	20709
2386	-1285	1154	20722
2203	-985	1013	20735
2399	801	856	20748
2099	2249	814	20763
813	2452	756	20777
45	2593	535	20790
728	1722	868	20805
888	-645	625	20818
606	-942	484	20830
230	-1250	49	20843
315	-1568	-180	20856
476	-1783	-302	20869
179	-1836	-570	20882
-393	-1736	-748	20894
-1370	-1910	-1226	20930
-1169	-1674	-1468	20943
-1428	-1174	-1601	20956
-1914	-680	-1609	20969
-2679	-132	-1577	20982
-3030	496	-1588	20996
-3121	862	-1628	21009
-3201	1436	-1804	21022
-3351	1403	-1979	21037
-3456	990	-2166	21050
-3558	298	-2343	21063
-3737	-9	-2376	21075
-3923	-215	-2333	21088
-3978	-223	-2341	21101
-3812	-19	-2332	21114
-3946	414	-2267	21127
-4080	799	-2127	21140
-3956	1513	-1882	21153
-3786	1712	-1740	21167
-3580	1549	-1763	21180
-3299	1451	-1779	21193
-2863	1162	-1639	21208
-2628	872	-1388	21221
-1988	598	-833	21234
-1295	-221	-304	21247
-382	-452	82	21260
712	-390	728	21273
979	-38	1029	21285
1498	204	1457	21298
1646	697	1761	21311
2050	396	1803	21324
2402	-450	729	21337
1082	1271	637	21351
764	1560	1278	21364
603	1743	1665	21377
767	2305	2034	21392
1128	2072	1914	21405
1577	583	1641	21418
1198	-182	1502	21431
1069	-422	1228	21444
1330	192	1113	21457
899	521	941	21479
714	297	834	21490
797	73	777	21504
745	-322	760	21517
641	-383	809	21530
482	-342	769	21543
410	-297	717	21555
430	-284	637	21570
449	-188	533	21583
487	-292	527	21596
613	-443	559	21609
520	-475	608	21622
462	-446	627	21635
455	-379	656	21648
504	-340	656	21661
603	-440	652	21673
578	-465	626	21686
544	-443	612	21699
516	-337	589	21713
543	-405	641	21726
585	-337	704	21739
674	-205	681	21752
629	-79	688	21767
604	-109	677	21780
599	-172	701	21793
647	-210	720	21806
725	-308	749	21818
820	-416	754	21832
862	-496	778	21845
885	-524	818	21858
887	-489	834	21871
957	-347	815	21884
997	-276	800	21897
1027	-267	817	21910
1128	-413	869	21923
1171	-770	1003	21938
1108	-1080	1166	21951
1130	-1747	1162	21964
1665	-1977	1282	21977
2218	-2013	1423	21990
2658	-2424	1481	22002
2735	-2766	1326	22015
2403	-2147	873	22036
2268	1159	672	22048
1997	2615	744	22061
1176	3164	890	22074
-129	3523	657	22088
382	2609	816	22101
594	-441	799	22114
1012	-871	431	22128
651	-1192	157	22141
143	-1552	-97	22154
331	-1961	-330	22168
334	-2039	-587	22181
-295	-2003	-909	22194
-1329	-2087	-1043	22207
-1750	-2158	-1090	22220
-1651	-1983	-1172	22233
-1442	-1653	-1262	22246
-1629	-694	-1381	22259
-2406	37	-1411	22275
-2923	334	-1441	22288
-2884	465	-1530	22302
-2892	708	-1618	22315
-3098	782	-1819	22328
-3352	650	-1948	22341
-3693	256	-2148	22354
-3749	-37	-2293	22367
-3839	-169	-2370	22380
-4097	-400	-2455	22393
-3807	-201	-2338	22406
-3638	414	-2281	22418
-3853	848	-2296	22431
-4382	1197	-2249	22445
-4303	1607	-2100	22460
-3971	1531	-2074	22473
-3593	1369	-2059	22486
-3285	963	-1933	22500
-3085	608	-1538	22513
-2596	241	-1159	22526
-1846	-728	-748	22539
-913	-1061	-400	22552
481	-754	492	22565
2226	787	1651	22603
2386	603	1708	22613
2032	-341	1299	22626
836	-466	747	22639
961	443	839	22652
1089	1294	1129	22667
782	1441	1415	22680
1266	1449	1506	22693
1946	1657	1483	22706
1537	1332	1600	22718
1104	703	1665	22731
1182	81	1344	22744
906	-324	1180	22757
900	-176	1015	22770
1000	442	923	22783
990	707	937	22796
963	602	957	22809
723	189	803	22823
568	-43	669	22838
397	-21	650	22852
367	69	556	22865
398	176	491	22878
442	107	487	22891
324	-52	497	22904
291	-234	490	22917
356	-346	503	22930
344	-405	527	22943
350	-385	530	22956
463	-397	540	22969
451	-434	546	22982
406	-501	605	22995
527	-542	574	23008
527	-531	554	23021
511	-420	576	23036
352	-236	583	23049
317	-206	620	23062
391	-218	665	23075
524	-300	666	23088
576	-383	660	23100
657	-411	665	23113
712	-420	664	23126
691	-476	691	23139
754	-442	721	23161
799	-414	733	23172
820	-409	766	23185
873	-444	808	23200
956	-403	821	23213
1019	-397	824	23227
1087	-384	824	23240
1197	-459	857	23253
1210	-603	895	23267
1109	-894	1031	23280
1088	-1108	1056	23293
1184	-1413	1090	23306
1575	-1561	1282	23319
1826	-1848	1390	23332
2270	-2485	1367	23345
3075	-2806	1063	23358
3209	-2529	782	23371
3015	-563	676	23384
2466	2003	634	23399
1895	3228	869	23412
697	3914	1043	23425
-5	4354	924	23438
579	3538	802	23450
457	63	602	23463
557	-606	408	23476
617	-1090	54	23489
890	-1301	-172	23502
909	-1627	-260	23515
470	-1836	-544	23529
-70	-1744	-692	23542
-970	-1773	-921	23557
-1509	-1912	-1083	23570
-1474	-1960	-1301	23584
-1325	-1771	-1456	23596
-1309	-1266	-1584	23609
-1564	-841	-1605	23622
-2239	-244	-1541	23635
-2809	322	-1542	23648
-2980	668	-1588	23661
-3210	991	-1726	23674
-3410	1130	-1859	23687
-3617	1007	-2085	23700
-3557	114	-2366	23721
-3514	-213	-2458	23733
-3662	-362	-2560	23747
-4028	-198	-2515	23760
-4087	183	-2340	23773
-3748	398	-2325	23786
-3925	682	-2203	23801
-4049	1155	-1983	23814
-3954	1399	-2012	23827
-3596	1166	-1995	23839
-3281	1132	-1840	23852
-1982	546	-975	23892
-1309	-146	-529	23907
-213	-384	-21	23921
820	-91	560	23936
1564	475	1209	23953
2012	724	1426	23968
2472	589	1457	23983
957	-327	647	23997
804	1074	842	24012
802	1896	1107	24027
341	1554	1567	24041
505	922	1542	24056
1871	2009	1472	24071
1478	1400	1426	24085
852	347	1762	24100
1206	-247	1260	24114
992	-404	1004	24129
1038	-82	954	24144
1069	762	859	24159
928	625	896	24174
622	130	897	24189
496	-267	753	24204
368	-438	638	24218
371	-219	590	24233
435	102	488	24248
397	-135	428	24264
276	-225	430	24279
239	-172	455	24294
368	-68	448	24309
438	-120	450	24323
434	-298	515	24346
415	-294	569	24361
422	-304	529	24377
445	-393	602	24392
472	-407	570	24407
433	-297	553	24421
438	-182	554	24436
445	-154	584	24451
514	-279	615	24465
585	-350	644	24480
653	-438	660	24495
672	-507	682	24509
737	-350	705	24524
760	-207	733	24539
734	-221	746	24554
775	-173	742	24568
872	-105	770	24584
930	-150	794	24599
983	-218	823	24614
1080	-449	850	24628
1164	-855	921	24643
1349	-1112	1023	24658
1567	-1134	1096	24672
1815	-1113	1161	24687
2023	-1435	1259	24705
2469	-1719	1162	24720
2528	-1566	882	24734
1985	13	715	24749
1164	1899	767	24764
754	2381	1052	24782
175	2119	984	24797
671	946	993	24812
680	-754	840	24827
900	-1207	516	24841
816	-1687	192	24856
702	-2069	-54	24871
330	-2127	-339	24886
-386	-1871	-573	24901
-801	-1749	-789	24916
-848	-1421	-973	24931
-904	-846	-1198	24946
-1081	-67	-1332	24961
-1817	987	-1537	24994
-1872	975	-1754	25010
-1927	758	-2026	25025
-2143	372	-2194	25040
-2249	178	-2296	25056
-2186	159	-2343	25071
-2038	485	-2337	25086
-1989	1169	-2226	25101
-1986	2022	-2035	25116
-2089	2609	-1958	25131
-2051	3004	-2090	25146
-1902	3237	-2279	25161
-1810	3362	-2283	25176
-1735	3650	-2138	25193
-1425	4091	-1970	25209
-1156	4361	-1900	25224
-1166	4289	-1736	25239
-1121	4143	-1538	25254
-875	4124	-1396	25269
-607	4196	-1296	25284
-489	4255	-1164	25299
-342	3934	-954	25314
-359	3260	-705	25329
-273	2791	-554	25344
-308	2052	-235	25359
-333	1636	160	25374
95	1075	804	25391
882	-531	1230	25406
241	-1014	1266	25422
-501	-341	826	25437
-136	97	592	25452
-259	952	453	25467
-637	930	435	25482
-522	241	378	25497
-545	-101	410	25512
-430	125	318	25527
-547	343	156	25542
-633	489	150	25557
-626	407	182	25572
-591	89	204	25587
-502	19	216	25604
-552	557	302	25649
-535	522	358	25662
-412	392	269	25676
-343	319	199	25691
-370	372	190	25706
-167	261	200	25721
-210	307	167	25736
-288	487	217	25751
-257	552	204	25766
-241	554	187	25781
-214	614	161	25795
-166	565	139	25810
-160	488	128	25825
-154	499	118	25842
-116	521	81	25865
-94	502	70	25880
-25	411	43	25895
8	420	27	25910
21	500	21	25924
-40	605	19	25939
-58	537	36	25954
-11	494	23	25969
9	499	-13	25984
9	501	-18	25998
-2	482	-18	26013
-75	424	-21	26028
-70	494	-83	26043
-27	555	-54	26058
9	448	-81	26072
33	381	-106	26087
64	376	-125	26103
59	378	-131	26118
76	346	-122	26133
102	361	-99	26148
129	422	-102	26163
112	392	-153	26180
128	357	-156	26195
165	272	-168	26209
205	269	-182	26224
208	341	-202	26239
217	364	-209	26253
229	329	-221	26267
296	161	-237	26290
361	62	-255	26304
393	44	-269	26319
454	43	-275	26333
522	44	-292	26348
626	-22	-291	26363
722	-115	-317	26377
828	-119	-338	26392
972	-158	-350	26407
1149	-185	-350	26421
1341	44	-322	26436
1485	137	-335	26451
1751	723	-390	26466
2194	1780	-296	26483
2493	3232	-250	26498
2195	4180	-188	26512
2106	4786	-187	26528
2297	4949	-260	26543
2477	4992	-145	26557
1952	4821	-426	26572
1800	4463	-607	26587
1619	4216	-402	26604
1656	3805	-515	26619
1184	2849	-738	26659
906	2559	-936	26675
515	2315	-1084	26692
318	2108	-1224	26708
93	1954	-1383	26725
-246	1838	-1556	26741
-407	1823	-1635	26759
-866	1935	-1719	26776
-1169	1994	-1758	26792
-1364	2037	-1802	26809
-1516	2030	-1846	26825
-1721	1942	-1878	26842
-1873	1857	-1885	26858
-1977	1865	-1865	26875
-2055	1984	-1804	26892
-2230	1957	-1817	26908
-2375	1918	-1813	26925
-2508	2036	-1923	26941
-2779	2029	-1908	26964
-2803	1953	-1870	26980
-2742	1625	-1697	26997
-2828	1280	-1562	27013
-2793	936	-1316	27031
-2563	788	-1179	27047
-2650	437	-976	27064
-2321	289	-1002	27080
-1986	366	-938	27097
-1457	433	-563	27114
-1060	156	-114	27130
-85	403	402	27149
477	429	680	27165
899	693	1120	27182
936	1226	1371	27199
2085	1175	1696	27216
1193	437	509	27232
400	1165	1054	27249
839	1358	1480	27266
898	2269	1620	27282
1576	968	1361	27299
1380	-171	1346	27316
706	87	997	27332
797	437	961	27349
677	503	828	27365
676	41	747	27382
411	-403	742	27399
456	-475	746	27415
413	-304	673	27434
409	-358	590	27451
437	-446	517	27468
604	-463	526	27485
508	-329	539	27501
508	-223	523	27518
550	-134	518	27535
645	-189	557	27551
647	-260	540	27568
677	-189	547	27585
575	-85	540	27601
503	-22	521	27618
560	-171	584	27636
594	33	566	27652
570	63	575	27686
524	93	602	27702
624	82	564	27719
720	-150	613	27735
769	-425	650	27752
828	-461	686	27769
917	-337	676	27785
1086	-143	674	27802
1145	-131	696	27819
1190	-276	759	27835
1113	-677	898	27852
1046	-1027	966	27868
1155	-1420	1028	27885
2052	-1626	1342	27904
2684	-2154	1385	27921
3142	-1523	1106	27938
2580	-847	862	27954
2241	817	806	27971
1717	2196	756	27988
358	2635	528	28004
-200	3403	508	28021
784	-1	537	28038
308	-797	298	28054
375	-763	-79	28071
503	-896	-541	28087
142	-869	-862	28106
-1187	-1090	-1240	28123
-1695	-1305	-1427	28139
-1626	-1162	-1654	28157
-1703	-941	-1741	28173
-2132	-240	-1688	28190
-2883	508	-1708	28207
-2992	720	-1802	28223
-3114	651	-2001	28240
-3408	238	-2274	28257
-3803	-281	-2370	28273
-3995	-612	-2254	28290
-4139	-609	-2141	28306
-3647	77	-2247	28323
-4410	982	-2086	28341
-4454	1804	-1932	28359
-3601	2020	-1948	28396
-3279	1726	-1858	28411
-2748	670	-1379	28427
-1917	-630	-942	28444
-402	-844	-159	28460
1140	-570	618	28477
1494	160	840	28493
1941	414	1359	28510
2142	-108	1817	28526
1644	-1259	916	28543
805	899	484	28560
509	1821	1103	28576
-248	1910	1686	28596
1646	1429	1570	28612
1375	-507	1440	28629
836	-640	1433	28645
1356	-890	957	28662
752	-265	920	28678
595	130	792	28695
746	-179	632	28712
519	-542	619	28728
578	-598	629	28745
418	-386	639	28763
371	-305	567	28780
426	-430	523	28796
599	-607	481	28813
636	-599	530	28829
566	-475	556	28845
587	-410	560	28862
721	-480	582	28878
806	-573	608	28895
705	-675	617	28911
789	-566	625	28927
608	-436	603	28944
625	-324	704	28960
693	-167	691	28977
593	-152	640	28993
638	-174	641	29010
715	-220	632	29026
728	-346	636	29042
833	-306	669	29059
887	-193	725	29078
1039	-27	851	29116
1084	6	872	29131
1183	-291	934	29148
1161	-630	1015	29164
1047	-1146	950	29180
1312	-1535	866	29197
2352	-1599	1212	29214
2727	-1784	1389	29231
3100	-2724	1178	29248
2622	-2897	750	29264
2447	328	512	29280
1652	2483	599	29297
411	2193	680	29315
-302	1115	220	29332
1303	-335	489	29348
1092	-589	272	29365
399	-630	-175	29381
218	-951	-430	29398
60	-973	-836	29414
-1101	-1216	-1075	29431
-1902	-1534	-1215	29447
-1884	-1276	-1355	29464
-1875	-341	-1481	29480
-2469	274	-1522	29497
-3130	766	-1554	29513
-3221	881	-1694	29531
-3287	629	-2071	29549
-3505	452	-2344	29566
-3667	-65	-2543	29582
-3863	-781	-2619	29598
-4027	-766	-2381	29615
-3797	-208	-2161	29632
-4259	518	-2001	29649
-4541	1219	-1732	29666
-4145	1736	-1643	29682
-3407	1254	-1837	29699
-3301	736	-1868	29715
-2847	747	-1516	29732
-1939	-151	-706	29750
-951	-650	-143	29767
933	-204	582	29783
1586	827	904	29799
2094	803	1866	29835
1628	-947	1005	29852
723	1016	798	29868
547	1681	1076	29885
214	1103	1289	29901
1544	79	1404	29918
1877	658	1266	29934
1031	206	1804	29951
1877	108	1428	29967
476	-735	915	29984
456	399	770	30001
906	658	858	30018
707	160	740	30036
650	-210	678	30053
461	-369	678	30070
395	-181	661	30087
392	-182	566	30103
414	-516	540	30120
661	-604	519	30136
580	-554	538	30153
568	-428	572	30170
603	-332	563	30186
610	-364	540	30203
703	-377	539	30219
672	-408	536	30238
451	-371	559	30254
600	-412	625	30271
713	-256	629	30287
574	3	599	30304
544	135	624	30320
563	118	657	30337
688	-38	627	30353
744	-215	631	30370
769	-403	662	30386
840	-500	689	30403
1040	-313	693	30419
1145	-196	713	30435
1123	-189	739	30452
1156	-528	843	30469
1112	-847	975	30486
866	-1475	925	30505
2370	-1402	1172	30542
2573	-1711	1285	30557
3136	-2325	1115	30573
2927	-2251	699	30590
2445	689	422	30607
1666	2803	556	30623
528	2652	842	30639
-335	2777	403	30656
543	403	630	30673
1033	-1336	560	30689
672	-1481	112	30706
548	-1625	-253	30724
252	-1529	-629	30741
-818	-1511	-819	30757
-1873	-1685	-977	30773
-1753	-1579	-1159	30790
-1513	-967	-1355	30806
-1831	-35	-1462	30823
-2578	832	-1466	30839
-2914	1183	-1565	30855
-3157	1264	-1757	30872
-3283	1074	-2060	30888
-3519	202	-2405	30904
-3766	-288	-2501	30921
-3888	-770	-2456	30938
-3690	-185	-2226	30954
-3565	491	-2021	30971
-4339	1395	-1935	30989
-4507	1993	-1697	31005
-3850	2344	-1784	31022
-3268	2317	-1720	31038
-2995	1589	-1598	31054
-2652	1150	-1292	31071
-1742	606	-761	31087
-1144	-706	-218	31103
657	-476	609	31119
1164	410	1008	31137
1580	1459	1416	31153
2223	105	1765	31170
1544	410	434	31186
752	1154	1148	31202
829	2151	1588	31219
1363	-388	1504	31257
1287	-106	1092	31271
995	-249	1031	31288
964	744	920	31304
692	496	813	31321
521	202	761	31337
525	-44	636	31355
464	-59	609	31372
284	119	608	31389
276	94	601	31405
276	-92	541	31422
411	-261	468	31438
462	-341	479	31455
412	-285	453	31471
376	-240	454	31489
452	-253	462	31506
442	-305	435	31522
419	-360	438	31538
389	-482	416	31555
423	-489	486	31571
441	-520	524	31587
412	-381	478	31604
531	-117	480	31621
484	-118	510	31638
517	-198	483	31654
553	-219	493	31670
591	-189	553	31687
635	-158	613	31703
742	1	658	31720
819	135	637	31736
808	51	649	31753
877	-13	654	31769
1081	-153	700	31787
1098	-379	776	31804
1104	-638	919	31820
1199	-864	1050	31837
1460	-1047	1129	31853
1748	-1323	1345	31870
2264	-1261	1453	31887
2824	-1646	1367	31903
2167	-1862	929	31919
1915	-141	760	31937
-442	-329	283	31973
-135	-1092	755	31989
889	-1066	683	32005
1117	-657	443	32022
726	-522	147	32038
57	-710	-207	32054
-400	-1044	-432	32071
-967	-1362	-688	32087
-1591	-1533	-952	32104
-2032	-1192	-1200	32121
-2184	-591	-1297	32137
-2429	19	-1314	32153
-2997	710	-1323	32170
-3170	1038	-1413	32186
-3253	1114	-1637	32203
-3436	654	-1942	32219
-3188	235	-2226	32237
-3361	297	-2148	32254
-3620	904	-2068	32270
-3801	1367	-1923	32286
-3337	1869	-1673	32303
-2955	2033	-1585	32320
-2538	1384	-1523	32337
-2110	950	-1143	32353
-1186	644	-515	32370
295	579	215	32386
1221	599	877	32403
3656	-774	1258	32419
262	-1215	670	32436
1183	97	748	32454
60	599	624	32471
272	216	543	32487
508	407	606	32503
149	395	438	32520
-64	189	355	32537
202	81	295	32554
57	-185	192	32570
57	-126	180	32587
22	65	196	32603
-39	4	235	32620
21	-22	245	32636
70	1	166	32684
42	-12	153	32698
75	8	130	32714
84	-22	115	32731
95	1	115	32747
90	26	91	32764
88	7	94	32780
108	-3	113	32796
105	4	128	32813
114	15	125	32830
139	-9	116	32846
155	-18	112	32863
146	3	104	32879
114	43	59	32895
104	64	30	32912
71	71	24	32928
44	113	17	32945
26	111	23	32961
24	84	1	32978
14	55	-22	32996
-14	75	-41	33013
16	115	-71	33029
-65	127	-101	33045
-87	98	-104	33062
-37	73	-141	33078
-60	99	-174	33097
-62	60	-190	33114
-92	45	-198	33130
-116	48	-203	33146
-83	1	-189	33162
-59	-31	-168	33178
-1	-80	-155	33195
50	-93	-115	33211
67	-54	-96	33227
75	-6	-82	33243
88	32	-70	33259
92	-19	-70	33275
89	-40	-78	33292
43	-47	-94	33308
78	-62	-104	33324
78	33	-87	33341
49	47	-74	33357
49	-41	-75	33404
65	-72	-77	33419
65	-96	-70	33435
75	-90	-59	33452
51	-56	-53	33468
49	-27	-55	33484
58	-24	-60	33501
47	-38	-51	33517
55	-69	-48	33534
63	-64	-35	33553
58	-76	-28	33569
43	-74	-31	33586
25	-46	-29	33602
31	-29	-32	33620
12	-27	-19	33637
29	-43	-18	33653
39	-16	-12	33669
31	26	-16	33686
20	10	11	33702
5	-68	-9	33718
31	-40	-3	33735
60	-17	-3	33751
32	1	10	33767
35	-18	11	33784
45	-20	17	33800
64	-26	31	33817
71	-17	35	33833
60	11	29	33849
46	14	27	33867
28	16	21	33883
37	-3	7	33899
29	0	10	33916
19	9	14	33932
31	-11	8	33949
23	-5	7	33965
5	-18	6	33983
19	-25	10	34000
24	-11	17	34016
10	-2	12	34032
4	-4	13	34048
24	-4	15	34065
27	24	9	34082
58	83	-5	34114
22	64	36	34129
0	94	59	34147
49	36	37	34164
71	-25	35	34180
78	-27	57	34196
62	-36	71	34213
64	-52	70	34229
53	-87	67	34245
54	-160	49	34262
57	-201	46	34278
22	-179	36	34294
21	-133	12	34311
-13	-94	-20	34327
-57	-116	-30	34343
-50	-132	-38	34359
-48	-96	-46	34376
-84	-58	-70	34393
-56	-93	-83	34410
-119	-171	-56	34428
-148	-249	-55	34444
-114	-276	-63	34461
-75	-185	-59	34477
-79	-175	-63	34493
-126	-201	-61	34510
-112	-233	-65	34526
-70	-199	-76	34543
-107	-219	-77	34559
-132	-263	-80	34575
-83	-169	-100	34592
-132	-152	-94	34608
-196	-172	-114	34627
-173	-189	-151	34643
-207	-293	-200	34660
-240	-329	-205	34676
-228	-275	-190	34692
-214	-268	-172	34708
-241	-380	-163	34725
-179	-421	-157	34741
-114	-274	-175	34757
-162	-212	-171	34774
-133	-161	-157	34789
-62	-137	-87	34826
-31	-52	-49	34842
-55	-6	-20	34858
-29	30	27	34877
-6	147	54	34894
11	133	-6	34910
-2	109	4	34926
-59	58	11	34942
-102	30	31	34958
-31	38	42	34975
6	-22	10	34991
-32	-38	2	35007
-44	-13	-9	35024
-76	-56	-88	35040
-156	-111	28	35056
-199	-418	222	35072
4	-64	113	35089
708	523	-309	35105
619	125	-97	35122
-297	85	96	35139
-341	11	103	35157
-50	-3	351	35173
101	-48	522	35189
-79	-150	444	35206
793	714	-87	35222
398	305	-170	35238
179	-28	-36	35255
-482	-182	24	35271
-386	-255	366	35287
-177	-258	570	35305
73	-124	617	35321
303	-199	573	35338
284	-154	457	35356
255	136	247	35373
411	226	239	35389
405	360	323	35405
382	291	291	35421
402	-8	278	35438
367	19	185	35454
232	25	13	35470
213	-45	92	35486
218	-149	-112	35524
55	-239	-217	35538
187	-217	-527	35555
246	-141	-444	35571
-120	164	-730	35587
-4	117	-601	35603
15	-120	-497	35621
75	-140	-397	35637
14	62	-431	35653
-16	38	-471	35670
13	-17	-359	35688
-4	137	-294	35704
51	92	-285	35721
74	31	-184	35737
102	21	19	35754
120	-2	36	35771
152	-265	-19	35787
120	-192	16	35804
97	-29	84	35820
88	80	83	35837
76	138	73	35853
45	112	162	35869
57	53	183	35886
59	36	130	35902
42	87	73	35919
39	74	97	35935
-7	94	-2	35951
-5	-10	-157	35968
12	-109	-196	35984
-12	-53	-201	36001
-37	25	-139	36017
-21	-1	-111	36034
-41	39	-200	36050
-51	20	-190	36067
-24	-105	-96	36083
1	-121	-42	36100
-10	-20	-164	36116
-32	52	-108	36132
-21	63	-38	36149
14	57	-68	36165
-1	47	-83	36184
-16	57	-143	36200
-43	63	-48	36237
16	-5	-77	36252
57	-81	-108	36268
72	-45	-146	36285
68	31	-177	36301
38	150	-108	36318
19	141	73	36334
13	69	146	36351
-16	9	149	36367
-29	55	37	36385
-10	91	13	36402
13	84	113	36418
-32	292	349	36435
-49	417	600	36451
2	152	681	36467
191	-210	756	36484
172	-131	628	36500
21	206	494	36516
124	-189	643	36533
-45	105	433	36549
21	167	701	36565
88	89	1150	36582
84	-159	371	36598
169	-469	-122	36615
275	-377	-389	36634
78	-224	-207	36650
22	-142	-130	36667
-5	-16	-51	36683
-9	23	-37	36699
-9	51	29	36716
-31	139	85	36732
-49	130	176	36748
-20	77	103	36766
-39	-69	-61	36782
56	-92	-199	36798
84	-182	-190	36815
135	101	-198	36831
45	85	-212	36848
63	-9	-195	36866
18	30	-111	36883
-12	116	-154	36899
1	133	-225	36915
-7	41	-43	36955
-22	58	-107	36970
-62	69	-199	36986
-43	-9	-218	37003
-1	-52	-24	37019
35	-60	4	37035
23	-5	-8	37052
12	51	-27	37068
-3	30	-104	37086
-19	46	-76	37102
-51	165	-45	37118
-39	164	-107	37136
-14	109	-101	37153
17	19	-106	37169
27	-38	-173	37185
33	-92	-143	37202
43	-122	-39	37218
47	-129	78	37234
27	-57	79	37250
-12	21	46	37267
-31	83	30	37283
10	48	14	37299
11	48	68	37317
-15	77	-25	37333
-44	96	-79	37349
-66	144	-62	37368
-51	150	-48	37387
-16	53	-101	37403
40	-109	41	37419
53	-94	156	37436
76	-79	380	37452
144	-143	699	37468
140	-94	764	37484
44	151	750	37501
-34	258	657	37518
74	-32	384	37534
55	-34	236	37551
87	-129	82	37567
89	-110	9	37584
69	-130	-6	37600
34	19	-82	37617
1	153	-156	37634
-48	28	-251	37675
-18	-65	-352	37691
-5	-77	-329	37707
-18	-109	-279	37724
-18	-132	-295	37740
42	-117	137	37756
48	-103	242	37772
59	-145	265	37789
48	-59	287	37805
20	85	319	37821
-16	291	183	37838
-31	256	42	37854
-12	114	-81	37872
-26	16	-221	37888
-35	6	-287	37906
-47	63	-271	37923
-55	47	-215	37939
0.000000	0.000000	0.000000	11
0.000000	0.000000	0.000000	75
0.000000	0.000000	0.000000	139
0.000000	0.000000	0.000000	203
0.000000	0.000000	0.000000	267
0.000000	0.000000	0.000000	331
0.000000	0.000000	0.000000	395
0.000000	0.000000	0.000000	459